																					
	<<Vitesse moteur>>	Puissance Brute Mesurée	Puissance à la roue	Puissance roue corrigée	Couple corrigé Roue	Puissance corrigée moteur	Couple corrigé moteur	Vitesse véhicule	Temps acquisition Mesure	Force à la Roue	Accélération Linéaire	OBD-PID13 : Vitesse du véhicule	Couple moteur brut	Puissance Pertes Calibrées Totales	Puissance Pertes Calibrées Banc	Puissance Pertes Calibrées Vehicule	Couple brut	Facteur de correction	Rapport de sortie	Rapport Global Dynamique	Facteur de pertes transmission
	tr/min	ch	ch	ch	N.m	ch	N.m	Km/h	s	N	mm/s²	Km/h	N.m	ch	ch	ch	N.m	 	 	 	%
	4000	19,7	20,29	20,76	36,4	26,02	45,69	52,7	-0E-14	1018	1228		44,66	0,5932	0,5932	0	35,58	1,023	8,584	0	34,43
	4050	19,26	19,86	20,32	35,24	25,65	44,49	53,36	0,1656	985,4	1209		43,48	0,605	0,605	0	34,44	1,023	8,584	0	34,43
	4100	18,82	19,44	19,89	34,07	25,28	43,31	54,02	0,3312	952,8	1191		42,33	0,6169	0,6169	0	33,3	1,023	8,584	0	34,43
	4150	17,91	18,54	18,97	32,11	24,43	41,35	54,68	0,4967	898,1	1170		40,42	0,6288	0,6288	0	31,39	1,023	8,584	0	34,43
	4200	16,32	16,96	17,35	29,02	22,87	38,26	55,34	0,66	811,7	1144		37,4	0,6409	0,6409	0	28,37	1,023	8,584	0	34,43
	4250	14,32	14,97	15,32	25,32	20,91	34,56	55,99	0,817	708,1	1111		33,78	0,6531	0,6531	0	24,75	1,023	8,584	0	34,43
	4300	12,02	12,68	12,98	21,2	18,64	30,44	56,65	0,9997	593	1013		29,75	0,6655	0,6655	0	20,72	1,023	8,584	0	34,43
	4350	10,4	11,08	11,33	18,3	17,06	27,54	57,31	1,216	511,7	933,4		26,91	0,6779	0,6779	0	17,88	1,023	8,584	0	34,43
	4400	10,38	11,08	11,33	18,09	17,12	27,33	57,97	1,399	505,9	955,7		26,71	0,6906	0,6906	0	17,68	1,023	8,584	0	34,43
	4450	10,76	11,47	11,73	18,52	17,59	27,76	58,63	1,577	517,9	985,7		27,13	0,7034	0,7034	0	18,1	1,023	8,584	0	34,43
	4500	11,05	11,77	12,04	18,79	17,96	28,03	59,29	1,759	525,5	997,4		27,4	0,7163	0,7163	0	18,37	1,023	8,584	0	34,43
	4550	11,23	11,96	12,24	18,89	18,22	28,13	59,95	1,944	528,3	1004		27,49	0,7293	0,7293	0	18,46	1,023	8,584	0	34,43
	4600	11,53	12,27	12,56	19,17	18,61	28,41	60,61	2,124	536,1	1029		27,77	0,7426	0,7426	0	18,74	1,023	8,584	0	34,43
	4650	12,2	12,95	13,25	20,01	19,37	29,25	61,26	2,294	559,6	1085		28,59	0,7559	0,7559	0	19,56	1,023	8,584	0	34,43
	4700	13,21	13,98	14,31	21,38	20,49	30,62	61,92	2,451	597,8	1168		29,92	0,7694	0,7694	0	20,89	1,023	8,584	0	34,43
	4750	14,36	15,14	15,49	22,9	21,74	32,14	62,58	2,588	640,4	1256		31,41	0,7831	0,7831	0	22,38	1,023	8,584	0	34,43
	4800	15,6	16,39	16,77	24,53	23,09	33,77	63,24	2,722	686,1	1352		33,01	0,7969	0,7969	0	23,98	1,023	8,584	0	34,43
	4850	16,88	17,69	18,1	26,2	24,48	35,44	63,9	2,849	732,7	1450		34,64	0,8108	0,8108	0	25,61	1,023	8,584	0	34,43
	4900	18,19	19,01	19,45	27,87	25,9	37,11	64,56	2,961	779,4	1549		36,27	0,8249	0,8249	0	27,24	1,023	8,584	0	34,43
	4950	19,38	20,22	20,69	29,35	27,2	38,59	65,22	3,069	820,8	1639		37,72	0,8392	0,8392	0	28,68	1,023	8,584	0	34,43
	5000	20,46	21,31	21,8	30,62	28,38	39,86	65,88	3,172	856,3	1716		38,95	0,8536	0,8536	0	29,92	1,023	8,584	0	34,43
	5050	21,3	22,17	22,69	31,55	29,33	40,79	66,53	3,273	882,2	1772		39,86	0,8681	0,8681	0	30,83	1,023	8,584	0	34,43
	5100	21,95	22,84	23,37	32,17	30,07	41,41	67,19	3,372	899,8	1809		40,48	0,8829	0,8829	0	31,45	1,023	8,584	0	34,43
	5150	22,66	23,56	24,1	32,86	30,88	42,1	67,85	3,472	919,1	1850		41,15	0,8977	0,8977	0	32,12	1,023	8,584	0	34,43
	5200	23,42	24,33	24,89	33,62	31,73	42,86	68,51	3,573	940,2	1895		41,89	0,9128	0,9128	0	32,86	1,023	8,584	0	34,43
	5250	24,36	25,28	25,87	34,6	32,78	43,84	69,17	3,666	967,5	1953		42,84	0,928	0,928	0	33,81	1,023	8,584	0	34,43
	5300	25,45	26,39	27	35,77	33,98	45,01	69,83	3,752	1000	2023		43,99	0,9433	0,9433	0	34,96	1,023	8,584	0	34,43
	5350	26,53	27,49	28,12	36,91	35,16	46,15	70,49	3,837	1032	2091		45,11	0,9588	0,9588	0	36,08	1,023	8,584	0	34,43
	5400	27,54	28,52	29,18	37,94	36,28	47,18	71,15	3,918	1061	2151		46,11	0,9745	0,9745	0	37,08	1,023	8,584	0	34,43
	5450	28,56	29,55	30,23	38,96	37,4	48,2	71,8	3,999	1090	2211		47,11	0,9903	0,9903	0	38,08	1,023	8,584	0	34,43
	5500	29,27	30,28	30,98	39,56	38,21	48,8	72,46	4,078	1106	2246		47,69	1,006	1,006	0	38,66	1,023	8,584	0	34,43
	5550	29,87	30,89	31,61	40	38,91	49,24	73,12	4,157	1119	2271		48,12	1,023	1,023	0	39,09	1,023	8,584	0	34,43
	5600	30,4	31,44	32,17	40,35	39,54	49,59	73,78	4,236	1128	2291		48,46	1,039	1,039	0	39,43	1,023	8,584	0	34,43
	5650	30,64	31,7	32,43	40,32	39,86	49,55	74,44	4,318	1127	2288		48,43	1,055	1,055	0	39,4	1,023	8,584	0	34,43
	5700	30,88	31,95	32,69	40,28	40,19	49,52	75,1	4,399	1127	2284		48,4	1,072	1,072	0	39,37	1,023	8,584	0	34,43
	5750	31,03	32,12	32,87	40,15	40,43	49,39	75,76	4,481	1123	2277		48,27	1,089	1,089	0	39,24	1,023	8,584	0	34,43
	5800	31,16	32,26	33,01	39,97	40,64	49,21	76,42	4,563	1118	2269		48,1	1,106	1,106	0	39,07	1,023	8,584	0	34,43
	5850	31,28	32,41	33,16	39,81	40,85	49,05	77,08	4,644	1113	2261		47,94	1,123	1,123	0	38,91	1,023	8,584	0	34,43
	5900	31,42	32,56	33,32	39,66	41,08	48,9	77,73	4,725	1109	2252		47,8	1,140	1,140	0	38,77	1,023	8,584	0	34,43
	5950	31,56	32,72	33,48	39,52	41,31	48,76	78,39	4,806	1105	2243		47,66	1,158	1,158	0	38,63	1,023	8,584	0	34,43
	6000	31,9	33,07	33,84	39,61	41,73	48,85	79,05	4,889	1108	2246		47,75	1,176	1,176	0	38,72	1,023	8,584	0	34,43
	6050	32,28	33,47	34,25	39,75	42,2	48,99	79,71	4,972	1112	2251		47,88	1,194	1,194	0	38,85	1,023	8,584	0	34,43
	6100	32,73	33,94	34,73	39,99	42,76	49,23	80,37	5,053	1118	2263		48,11	1,212	1,212	0	39,08	1,023	8,584	0	34,43
	6150	33,3	34,53	35,33	40,34	43,42	49,58	81,03	5,131	1128	2285		48,46	1,23	1,23	0	39,43	1,023	8,584	0	34,43
	6200	33,87	35,12	35,93	40,7	44,08	49,94	81,69	5,209	1138	2308		48,81	1,248	1,248	0	39,78	1,023	8,584	0	34,43
	6250	34,23	35,5	36,32	40,82	44,54	50,06	82,35	5,286	1141	2314		48,92	1,267	1,267	0	39,89	1,023	8,584	0	34,43
	6300	34,57	35,85	36,68	40,89	44,97	50,13	83	5,363	1144	2318		49	1,286	1,286	0	39,97	1,023	8,584	0	34,43
	6350	34,84	36,15	36,98	40,91	45,34	50,15	83,66	5,441	1144	2318		49,01	1,305	1,305	0	39,98	1,023	8,584	0	34,43
	6400	34,96	36,28	37,12	40,74	45,54	49,98	84,32	5,523	1139	2306		48,85	1,324	1,324	0	39,82	1,023	8,584	0	34,43
	6450	35,08	36,42	37,26	40,58	45,75	49,82	84,98	5,606	1135	2295		48,69	1,343	1,343	0	39,66	1,023	8,584	0	34,43
	6500	35,06	36,42	37,26	40,27	45,81	49,51	85,64	5,686	1126	2276		48,39	1,363	1,363	0	39,36	1,023	8,584	0	34,43
	6550	35,01	36,39	37,23	39,93	45,85	49,17	86,3	5,766	1117	2255		48,06	1,382	1,382	0	39,03	1,023	8,584	0	34,43
	6600	34,88	36,28	37,12	39,51	45,81	48,75	86,96	5,848	1105	2229		47,64	1,402	1,402	0	38,61	1,023	8,584	0	34,43
	6650	34,58	36	36,84	38,91	45,58	48,15	87,62	5,934	1088	2190		47,06	1,422	1,422	0	38,03	1,023	8,584	0	34,43
	6700	34,28	35,72	36,55	38,31	45,36	47,55	88,27	6,021	1071	2151		46,48	1,442	1,442	0	37,45	1,023	8,584	0	34,43
	6750	34,04	35,51	36,33	37,81	45,21	47,05	88,93	6,11	1057	2121		45,98	1,463	1,463	0	36,95	1,023	8,584	0	34,43
	6800	33,81	35,29	36,11	37,3	45,06	46,54	89,59	6,199	1043	2092		45,48	1,484	1,484	0	36,45	1,023	8,584	0	34,43
	6850	33,73	35,23	36,05	36,97	45,06	46,2	90,25	6,287	1034	2075		45,16	1,504	1,504	0	36,13	1,023	8,584	0	34,43
	6900	33,7	35,23	36,04	36,69	45,12	45,93	90,91	6,375	1026	2060		44,89	1,525	1,525	0	35,86	1,023	8,584	0	34,43
	6950	33,78	35,33	36,15	36,53	45,29	45,77	91,57	6,464	1022	2050		44,73	1,547	1,547	0	35,7	1,023	8,584	0	34,43
	7000	33,97	35,54	36,37	36,49	45,57	45,73	92,23	6,554	1020	2043		44,69	1,568	1,568	0	35,66	1,023	8,584	0	34,43
	7050	34,26	35,85	36,68	36,54	45,95	45,78	92,89	6,644	1022	2043		44,74	1,59	1,59	0	35,71	1,023	8,584	0	34,43
	7100	34,78	36,39	37,23	36,83	46,57	46,07	93,54	6,734	1030	2058		45,02	1,612	1,612	0	35,99	1,023	8,584	0	34,43
	7150	35,3	36,93	37,79	37,12	47,2	46,36	94,2	6,823	1038	2074		45,31	1,634	1,634	0	36,28	1,023	8,584	0	34,43
	7200	35,97	37,63	38,5	37,55	47,97	46,79	94,86	6,907	1050	2102		45,73	1,656	1,656	0	36,7	1,023	8,584	0	34,43
	7250	36,64	38,32	39,21	37,98	48,75	47,22	95,52	6,99	1062	2130		46,15	1,678	1,678	0	37,12	1,023	8,584	0	34,43
	7300	37,36	39,06	39,96	38,45	49,57	47,68	96,18	7,074	1075	2159		46,6	1,701	1,701	0	37,57	1,023	8,584	0	34,43
	7350	38,09	39,82	40,74	38,92	50,41	48,16	96,84	7,157	1089	2187		47,07	1,724	1,724	0	38,04	1,023	8,584	0	34,43
	7400	38,84	40,59	41,53	39,42	51,27	48,65	97,5	7,24	1102	2216		47,55	1,747	1,747	0	38,52	1,023	8,584	0	34,43
	7450	39,64	41,41	42,37	39,94	52,17	49,18	98,16	7,32	1117	2245		48,07	1,77	1,77	0	39,04	1,023	8,584	0	34,43
	7500	40,44	42,24	43,22	40,47	53,08	49,71	98,81	7,399	1132	2274		48,58	1,793	1,793	0	39,55	1,023	8,584	0	34,43
	7550	41,28	43,1	44,1	41,02	54,03	50,26	99,47	7,478	1147	2303		49,12	1,817	1,817	0	40,09	1,023	8,584	0	34,43
	7600	42,14	43,98	45	41,58	55	50,82	100,1	7,556	1163	2333		49,67	1,841	1,841	0	40,64	1,023	8,584	0	34,43
	7650	43,01	44,87	45,91	42,15	55,98	51,39	100,8	7,633	1179	2364		50,23	1,865	1,865	0	41,2	1,023	8,584	0	34,43
	7700	43,96	45,85	46,91	42,78	57,04	52,02	101,4	7,708	1196	2401		50,84	1,89	1,89	0	41,81	1,023	8,584	0	34,43
	7750	44,91	46,82	47,9	43,41	58,1	52,65	102,1	7,783	1214	2438		51,46	1,914	1,914	0	42,43	1,023	8,584	0	34,43
	7800	45,87	47,81	48,92	44,05	59,18	53,29	102,8	7,855	1232	2477		52,08	1,939	1,939	0	43,05	1,023	8,584	0	34,43
	7850	46,86	48,83	49,96	44,69	60,28	53,93	103,4	7,926	1250	2516		52,71	1,964	1,964	0	43,68	1,023	8,584	0	34,43
	7900	47,85	49,84	51	45,33	61,39	54,57	104,1	7,997	1268	2555		53,34	1,989	1,989	0	44,31	1,023	8,584	0	34,43
	7950	48,83	50,85	52,02	45,95	62,48	55,19	104,7	8,066	1285	2592		53,94	2,014	2,014	0	44,91	1,023	8,584	0	34,43
	8000	49,8	51,84	53,05	46,56	63,57	55,8	105,4	8,135	1302	2629		54,54	2,04	2,04	0	45,51	1,023	8,584	0	34,43
	8050	50,78	52,84	54,07	47,17	64,66	56,41	106,1	8,203	1319	2665		55,13	2,066	2,066	0	46,1	1,023	8,584	0	34,43
	8100	51,69	53,79	55,03	47,71	65,69	56,95	106,7	8,27	1334	2697		55,66	2,092	2,092	0	46,63	1,023	8,584	0	34,43
	8150	52,59	54,71	55,98	48,23	66,7	57,47	107,4	8,336	1349	2729		56,17	2,118	2,118	0	47,14	1,023	8,584	0	34,43
	8200	53,49	55,63	56,92	48,75	67,71	57,99	108	8,402	1363	2760		56,68	2,144	2,144	0	47,65	1,023	8,584	0	34,43
	8250	54,21	56,38	57,69	49,11	68,54	58,35	108,7	8,466	1373	2781		57,03	2,171	2,171	0	48	1,023	8,584	0	34,43
	8300	54,86	57,06	58,38	49,4	69,3	58,64	109,4	8,530	1382	2797		57,31	2,198	2,198	0	48,28	1,023	8,584	0	34,43
	8350	55,52	57,74	59,08	49,69	70,07	58,93	110	8,595	1390	2813		57,6	2,225	2,225	0	48,57	1,023	8,584	0	34,43
	8400	55,99	58,24	59,59	49,83	70,64	59,07	110,7	8,66	1393	2819		57,73	2,252	2,252	0	48,7	1,023	8,584	0	34,43
	8450	56,35	58,63	59,99	49,86	71,1	59,1	111,3	8,725	1394	2818		57,76	2,280	2,280	0	48,73	1,023	8,584	0	34,43
	8500	56,7	59,01	60,38	49,89	71,56	59,13	112	8,791	1395	2816		57,79	2,308	2,308	0	48,76	1,023	8,584	0	34,43
	8550	56,99	59,33	60,7	49,87	71,95	59,1	112,6	8,856	1395	2814		57,77	2,336	2,336	0	48,74	1,023	8,584	0	34,43
	8600	57,22	59,59	60,97	49,79	72,28	59,03	113,3	8,922	1392	2811		57,7	2,364	2,364	0	48,66	1,023	8,584	0	34,43
	8650	57,45	59,85	61,23	49,72	72,61	58,96	114	8,988	1390	2808		57,62	2,393	2,393	0	48,59	1,023	8,584	0	34,43
	8700	57,62	60,04	61,43	49,6	72,88	58,84	114,6	9,053	1387	2801		57,5	2,422	2,422	0	48,47	1,023	8,584	0	34,43
	8750	57,73	60,18	61,57	49,42	73,08	58,66	115,3	9,118	1382	2789		57,33	2,451	2,451	0	48,3	1,023	8,584	0	34,43
	8800	57,83	60,31	61,71	49,25	73,28	58,49	115,9	9,183	1377	2778		57,17	2,48	2,48	0	48,14	1,023	8,584	0	34,43
	8850	57,93	60,44	61,84	49,08	73,48	58,31	116,6	9,25	1372	2767		56,99	2,509	2,509	0	47,96	1,023	8,584	0	34,43
	8900	58,01	60,55	61,95	48,89	73,66	58,13	117,3	9,318	1367	2755		56,82	2,539	2,539	0	47,79	1,023	8,584	0	34,43
	8950	58,1	60,67	62,07	48,71	73,85	57,95	117,9	9,387	1362	2743		56,64	2,569	2,569	0	47,61	1,023	8,584	0	34,43
	9000	58,18	60,78	62,19	48,53	74,03	57,77	118,6	9,454	1357	2731		56,46	2,599	2,599	0	47,43	1,023	8,584	0	34,43
	9050	58,26	60,89	62,3	48,35	74,2	57,59	119,2	9,52	1352	2720		56,28	2,63	2,63	0	47,25	1,023	8,584	0	34,43
	9100	58,33	60,99	62,41	48,17	74,38	57,41	119,9	9,586	1347	2708		56,11	2,66	2,66	0	47,08	1,023	8,584	0	34,43
	9150	58,45	61,14	62,56	48,02	74,59	57,26	120,6	9,655	1343	2697		55,96	2,691	2,691	0	46,93	1,023	8,584	0	34,43
	9200	58,61	61,33	62,75	47,91	74,85	57,15	121,2	9,725	1340	2688		55,85	2,722	2,722	0	46,82	1,023	8,584	0	34,43
	9250	58,77	61,52	62,94	47,79	75,11	57,03	121,9	9,795	1337	2678		55,74	2,754	2,754	0	46,71	1,023	8,584	0	34,43
	9300	59,06	61,85	63,28	47,79	75,51	57,03	122,5	9,864	1336	2677		55,74	2,785	2,785	0	46,71	1,023	8,584	0	34,43
	9350	59,44	62,25	63,7	47,85	76	57,09	123,2	9,931	1338	2679		55,79	2,817	2,817	0	46,76	1,023	8,584	0	34,43
	9400	59,81	62,66	64,11	47,9	76,48	57,14	123,8	9,998	1340	2682		55,85	2,849	2,849	0	46,82	1,023	8,584	0	34,43
	9450	60,11	62,99	64,45	47,9	76,88	57,14	124,5	10,07	1340	2680		55,84	2,882	2,882	0	46,81	1,023	8,584	0	34,43
	9500	60,36	63,28	64,74	47,87	77,24	57,11	125,2	10,13	1339	2676		55,81	2,914	2,914	0	46,78	1,023	8,584	0	34,43
	9550	60,62	63,57	65,04	47,83	77,6	57,07	125,8	10,2	1338	2671		55,78	2,947	2,947	0	46,75	1,023	8,584	0	34,43
	9600	60,78	63,76	65,24	47,73	77,87	56,97	126,5	10,27	1335	2663		55,68	2,98	2,98	0	46,65	1,023	8,584	0	34,43
	9650	60,91	63,93	65,41	47,61	78,1	56,85	127,1	10,34	1331	2654		55,56	3,014	3,014	0	46,53	1,023	8,584	0	34,43
	9700	61,04	64,09	65,58	47,48	78,34	56,72	127,8	10,41	1328	2645		55,44	3,047	3,047	0	46,41	1,023	8,584	0	34,43
	9750	61,28	64,36	65,85	47,44	78,68	56,68	128,5	10,48	1327	2643		55,39	3,081	3,081	0	46,36	1,023	8,584	0	34,43
	9800	61,53	64,65	66,15	47,41	79,04	56,65	129,1	10,55	1326	2643		55,36	3,115	3,115	0	46,33	1,023	8,584	0	34,43
	9850	61,79	64,94	66,44	47,37	79,4	56,61	129,8	10,62	1325	2643		55,33	3,15	3,15	0	46,3	1,023	8,584	0	34,43
	9900	62,09	65,27	66,78	47,38	79,81	56,62	130,4	10,69	1325	2645		55,34	3,185	3,185	0	46,31	1,023	8,584	0	34,43
	9950	62,38	65,6	67,12	47,38	80,21	56,62	131,1	10,76	1325	2647		55,34	3,219	3,219	0	46,31	1,023	8,584	0	34,43
	10000	62,67	65,93	67,45	47,38	80,61	56,62	131,8	10,82	1325	2649		55,33	3,254	3,254	0	46,3	1,023	8,584	0	34,43
	10050	62,76	66,05	67,58	47,23	80,81	56,47	132,4	10,89	1321	2640		55,19	3,29	3,29	0	46,16	1,023	8,584	0	34,43
	10100	62,86	66,18	67,71	47,09	81	56,33	133,1	10,96	1317	2632		55,05	3,326	3,326	0	46,02	1,023	8,584	0	34,43
	10150	62,91	66,27	67,81	46,92	81,16	56,16	133,7	11,03	1312	2622		54,89	3,362	3,362	0	45,86	1,023	8,584	0	34,43
	10200	62,8	66,2	67,73	46,64	81,15	55,88	134,4	11,11	1304	2604		54,62	3,398	3,398	0	45,58	1,023	8,584	0	34,43
	10250	62,69	66,13	67,66	46,36	81,14	55,6	135	11,18	1297	2587		54,34	3,435	3,435	0	45,31	1,023	8,584	0	34,43
	10300	62,52	65,99	67,52	46,05	81,07	55,29	135,7	11,25	1288	2566		54,03	3,471	3,471	0	45	1,023	8,584	0	34,43
	10350	62,26	65,77	67,29	45,67	80,91	54,91	136,4	11,32	1277	2541		53,67	3,508	3,508	0	44,63	1,023	8,584	0	34,43
	10400	62	65,55	67,06	45,29	80,75	54,53	137	11,39	1267	2516		53,3	3,546	3,546	0	44,27	1,023	8,584	0	34,43
	10450	61,67	65,25	66,77	44,88	80,51	54,12	137,7	11,47	1255	2488		52,89	3,583	3,583	0	43,86	1,023	8,584	0	34,43
	10500	61,3	64,92	66,43	44,44	80,24	53,68	138,3	11,54	1243	2459		52,46	3,621	3,621	0	43,43	1,023	8,584	0	34,43
	10550	60,93	64,59	66,09	44	79,97	53,24	139	11,62	1230	2430		52,03	3,659	3,659	0	43	1,023	8,584	0	34,43
	10600	60,67	64,36	65,86	43,64	79,8	52,88	139,7	11,7	1220	2408		51,68	3,698	3,698	0	42,65	1,023	8,584	0	34,43
	10650	60,4	64,13	65,62	43,28	79,63	52,52	140,3	11,78	1210	2387		51,33	3,736	3,736	0	42,3	1,023	8,584	0	34,43
	10700	60,14	63,92	65,4	42,93	79,47	52,17	141	11,85	1201	2365		50,99	3,775	3,775	0	41,96	1,023	8,584	0	34,43
	10750	59,9	63,72	65,19	42,6	79,33	51,84	141,6	11,93	1191	2345		50,66	3,815	3,815	0	41,63	1,023	8,584	0	34,43
	10800	59,66	63,52	64,99	42,26	79,2	51,5	142,3	12,01	1182	2324		50,34	3,854	3,854	0	41,31	1,023	8,584	0	34,43
	10850	59,31	63,21	64,67	41,87	78,95	51,11	143	12,09	1171	2297		49,95	3,894	3,894	0	40,92	1,023	8,584	0	34,43
	10900	58,95	62,88	64,34	41,46	78,68	50,7	143,6	12,17	1159	2267		49,55	3,934	3,934	0	40,52	1,023	8,584	0	34,43
	10950	58,66	62,63	64,08	41,11	78,49	50,34	144,3	12,25	1150	2243		49,2	3,974	3,974	0	40,17	1,023	8,584	0	34,43
	11000	58,49	62,5	63,95	40,83	78,42	50,07	144,9	12,34	1142	2226		48,94	4,015	4,015	0	39,91	1,023	8,584	0	34,43
	11050	58,32	62,38	63,82	40,57	78,36	49,8	145,6	12,42	1134	2209		48,68	4,056	4,056	0	39,65	1,023	8,584	0	34,43
	11100	58,32	62,42	63,86	40,41	78,47	49,65	146,2	12,5	1130	2203		48,53	4,097	4,097	0	39,5	1,023	8,584	0	34,43
	11150	58,32	62,46	63,91	40,26	78,57	49,5	146,9	12,59	1126	2197		48,37	4,139	4,139	0	39,34	1,023	8,584	0	34,43
	11200	58,22	62,4	63,85	40,04	78,58	49,28	147,6	12,67	1120	2183		48,16	4,18	4,18	0	39,13	1,023	8,584	0	34,43
	11250	58,05	62,27	63,71	39,78	78,51	49,02	148,2	12,75	1112	2165		47,91	4,222	4,222	0	38,88	1,023	8,584	0	34,43
	11300	57,87	62,13	63,57	39,51	78,44	48,75	148,9	12,84	1105	2146		47,65	4,265	4,265	0	38,62	1,023	8,584	0	34,43
	11350	57,64	61,95	63,38	39,22	78,32	48,46	149,5	12,93	1097	2127		47,37	4,307	4,307	0	38,34	1,023	8,584	0	34,43
	11400	57,42	61,77	63,2	38,94	78,19	48,18	150,2	13,02	1089	2108		47,08	4,350	4,350	0	38,05	1,023	8,584	0	34,43
	11450	56,94	61,33	62,75	38,5	77,82	47,74	150,9	13,1	1077	2080		46,65	4,394	4,394	0	37,62	1,023	8,584	0	34,43
	11500	56,45	60,89	62,3	38,05	77,43	47,29	151,5	13,19	1064	2051		46,22	4,437	4,437	0	37,19	1,023	8,584	0	34,43
	11550	55,81	60,3	61,69	37,52	76,89	46,76	152,2	13,28	1049	2017		45,7	4,481	4,481	0	36,67	1,023	8,584	0	34,43
	11600	55,1	59,62	61	36,94	76,26	46,18	152,8	13,38	1033	1981		45,13	4,525	4,525	0	36,1	1,023	8,584	0	34,43
	11650	54,31	58,88	60,25	36,32	75,57	45,56	153,5	13,48	1016	1943		44,53	4,569	4,569	0	35,5	1,023	8,584	0	34,43
	11700	53,48	58,1	59,44	35,69	74,83	44,93	154,2	13,57	998	1904		43,91	4,614	4,614	0	34,88	1,023	8,584	0	34,43
	11750	52,56	57,22	58,54	34,99	74	44,23	154,8	13,67	978,7	1862		43,23	4,659	4,659	0	34,2	1,023	8,584	0	34,43
	11800	51,51	56,22	57,52	34,24	73,04	43,48	155,5	13,78	957,5	1817		42,49	4,704	4,704	0	33,46	1,023	8,584	0	34,43
	11850	50,52	55,27	56,55	33,52	72,14	42,76	156,1	13,88	937,4	1777		41,79	4,75	4,75	0	32,76	1,023	8,584	0	34,43
	11900	49,56	54,36	55,62	32,83	71,27	42,07	156,8	13,98	918	1741		41,11	4,796	4,796	0	32,08	1,023	8,584	0	34,43
	11950	48,08	52,92	54,14	31,83	69,86	41,07	157,4	14,09	890	1683		40,14	4,842	4,842	0	31,11	1,023	8,584	0	34,43
	12000	46,27	51,16	52,34	30,64	68,13	39,88	158,1	14,2	856,8	1610		38,97	4,889	4,889	0	29,94	1,023	8,584	0	34,43
	12050	44,99	49,92	51,08	29,77	66,93	39,01	158,8	14,33	832,7	1554		38,13	4,936	4,936	0	29,1	1,023	8,584	0	34,43
	12100	44,22	49,2	50,34	29,22	66,26	38,46	159,4	14,46	817,2	1519		37,59	4,983	4,983	0	28,56	1,023	8,584	0	34,43
	12150	44,33	49,36	50,51	29,2	66,49	38,44	160,1	14,57	816,5	1519		37,57	5,03	5,03	0	28,54	1,023	8,584	0	34,43
	12200	44,09	49,17	50,31	28,96	66,35	38,2	160,7	14,69	809,9	1505		37,34	5,078	5,078	0	28,31	1,023	8,584	0	34,43
	12250	43,58	48,71	49,84	28,57	65,95	37,81	161,4	14,81	799,1	1480		36,96	5,126	5,126	0	27,93	1,023	8,584	0	34,43
	12300	42,61	47,78	48,89	27,92	65,07	37,16	162,1	14,94	780,8	1434		36,32	5,174	5,174	0	27,29	1,023	8,584	0	34,43
	12350	41,89	47,11	48,2	27,41	64,45	36,65	162,7	15,08	766,6	1398		35,82	5,223	5,223	0	26,79	1,023	8,584	0	34,43
	12400	41,54	46,81	47,9	27,13	64,21	36,37	163,4	15,21	758,7	1376		35,55	5,272	5,272	0	26,52	1,023	8,584	0	34,43
	12450	40,3	45,62	46,68	26,33	63,05	35,57	164	15,35	736,4	1333		34,77	5,321	5,321	0	25,74	1,023	8,584	0	34,43
	12500	39	44,37	45,4	25,51	61,84	34,75	164,7	15,49	713,4	1287		33,96	5,371	5,371	0	24,93	1,023	8,584	0	34,43
	12550	37,93	43,35	44,36	24,82	60,87	34,06	165,3	15,65	694,2	1246		33,29	5,421	5,421	0	24,26	1,023	8,584	0	34,43
	12600	37,78	43,25	44,25	24,67	60,83	33,91	166	15,79	689,9	1230		33,14	5,471	5,471	0	24,11	1,023	8,584	0	34,43
	12650	37,03	42,55	43,54	24,17	60,18	33,41	166,7	15,94	676,1	1195		32,66	5,522	5,522	0	23,63	1,023	8,584	0	34,43
	12700	36,35	41,92	42,89	23,72	59,6	32,96	167,3	16,1	663,3	1166		32,21	5,573	5,573	0	23,18	1,023	8,584	0	34,43
	12750	36,03	41,66	42,62	23,48	59,4	32,72	168	16,26	656,6	1154		31,98	5,624	5,624	0	22,95	1,023	8,584	0	34,43
	12800	36,05	41,72	42,69	23,42	59,53	32,66	168,6	16,42	655,1	1156		31,92	5,675	5,675	0	22,89	1,023	8,584	0	34,43
	12850	35,19	40,92	41,87	22,89	58,77	32,12	169,3	16,58	640	1120		31,4	5,727	5,727	0	22,37	1,023	8,584	0	34,43
	12900	33,32	39,1	40,01	21,78	56,98	31,02	170	16,76	609,2	1045		30,32	5,779	5,779	0	21,29	1,023	8,584	0	34,43
	12950	31,22	37,05	37,91	20,56	54,94	29,8	170,6	16,95	575	969,5		29,12	5,832	5,832	0	20,09	1,023	8,584	0	34,43
	13000	30,35	36,23	37,07	20,03	54,17	29,27	171,3	17,15	560,1	945,9		28,6	5,885	5,885	0	19,57	1,023	8,584	0	34,43
