																					
	<<Vitesse moteur>>	Puissance Brute Mesurée	Puissance à la roue	Puissance roue corrigée	Couple corrigé Roue	Puissance corrigée moteur	Couple corrigé moteur	Vitesse véhicule	Temps acquisition Mesure	Force à la Roue	Accélération Linéaire	OBD-PID13 : Vitesse du véhicule	Couple moteur brut	Puissance Pertes Calibrées Totales	Puissance Pertes Calibrées Banc	Puissance Pertes Calibrées Vehicule	Couple brut	Facteur de correction	Rapport de sortie	Rapport Global Dynamique	Facteur de pertes transmission
	tr/min	ch	ch	ch	N.m	ch	N.m	Km/h	s	N	mm/s²	Km/h	N.m	ch	ch	ch	N.m	 	 	 	%
	4000	9,616	10,21	10,4	18,33			52,7	0E-14	514,8	373,5			0,5932	0,5932	0	17,99	1,019	8,584	0	34,43
	4050	10,9	11,5	11,72	20,33			53,36	0,1766	570,8	682,8			0,6051	0,6051	0	19,95	1,019	8,584	0	34,43
	4100	12,17	12,79	13,04	22,32			54,02	0,3531	626,9	992			0,6169	0,6169	0	21,91	1,019	8,584	0	34,43
	4150	13,27	13,9	14,17	23,96			54,68	0,4821	672,8	1189			0,6289	0,6289	0	23,51	1,019	8,584	0	34,43
	4200	14,3	14,94	15,23	25,46			55,34	0,5933	715	1343			0,6409	0,6409	0	24,99	1,019	8,584	0	34,43
	4250	13,88	14,53	14,81	24,47			55,99	0,7353	687,2	1317			0,6531	0,6531	0	24,02	1,019	8,584	0	34,43
	4300	12,17	12,84	13,08	21,38			56,65	0,9066	600,5	1156			0,6655	0,6655	0	20,99	1,019	8,584	0	34,43
	4350	8,842	9,52	9,701	15,67			57,31	1,152	440	816,9			0,678	0,678	0	15,38	1,019	8,584	0	34,43
	4400	7,369	8,059	8,213	13,11			57,97	1,445	368,1	661			0,6906	0,6906	0	12,86	1,019	8,584	0	34,43
	4450	8,071	8,774	8,941	14,11			58,63	1,673	396,2	733,2			0,7034	0,7034	0	13,85	1,019	8,584	0	34,43
	4500	8,912	9,628	9,812	15,31			59,29	1,892	429,9	805,8			0,7163	0,7163	0	15,03	1,019	8,584	0	34,43
	4550	9,547	10,28	10,47	16,16			59,95	2,111	453,9	853,5			0,7293	0,7293	0	15,86	1,019	8,584	0	34,43
	4600	9,982	10,72	10,93	16,68			60,61	2,315	468,5	888,5			0,7426	0,7426	0	16,37	1,019	8,584	0	34,43
	4650	10,15	10,9	11,11	16,78			61,26	2,517	471,3	897,5			0,7559	0,7559	0	16,47	1,019	8,584	0	34,43
	4700	10,2	10,97	11,18	16,7			61,92	2,726	468,9	892,4			0,7694	0,7694	0	16,39	1,019	8,584	0	34,43
	4750	10,28	11,06	11,27	16,67			62,58	2,931	468	888,3			0,783	0,783	0	16,35	1,019	8,584	0	34,43
	4800	10,44	11,24	11,45	16,76			63,24	3,139	470,6	889,2			0,7968	0,7968	0	16,45	1,019	8,584	0	34,43
	4850	10,51	11,32	11,53	16,7			63,9	3,341	469	882			0,8108	0,8108	0	16,39	1,019	8,584	0	34,43
	4900	10,62	11,45	11,67	16,72			64,56	3,559	469,5	890,8			0,8249	0,8249	0	16,41	1,019	8,584	0	34,43
	4950	11,11	11,95	12,17	17,27			65,22	3,747	485	931,1			0,8391	0,8391	0	16,95	1,019	8,584	0	34,43
	5000	11,78	12,63	12,87	18,08			65,88	3,935	507,8	974,9			0,8535	0,8535	0	17,75	1,019	8,584	0	34,43
	5050	12,41	13,28	13,53	18,81			66,53	4,114	528,3	1016			0,8681	0,8681	0	18,46	1,019	8,584	0	34,43
	5100	12,8	13,69	13,95	19,21			67,19	4,286	539,3	1039			0,8828	0,8828	0	18,85	1,019	8,584	0	34,43
	5150	13,32	14,22	14,49	19,76			67,85	4,463	554,8	1071			0,8977	0,8977	0	19,39	1,019	8,584	0	34,43
	5200	14,77	15,68	15,98	21,57			68,51	4,632	605,8	1177			0,9127	0,9127	0	21,17	1,019	8,584	0	34,43
	5250	17,29	18,21	18,56	24,82			69,17	4,761	696,9	1373			0,9279	0,9279	0	24,36	1,019	8,584	0	34,43
	5300	19,8	20,75	21,14	27,99			69,83	4,865	785,8	1565			0,9433	0,9433	0	27,46	1,019	8,584	0	34,43
	5350	22,32	23,28	23,72	31,12			70,49	4,958	873,8	1755			0,9588	0,9588	0	30,54	1,019	8,584	0	34,43
	5400	24,4	25,37	25,86	33,61			71,15	5,045	943,8	1905			0,9745	0,9745	0	32,98	1,019	8,584	0	34,43
	5450	26,1	27,09	27,6	35,55			71,8	5,127	998,2	2022			0,9904	0,9904	0	34,89	1,019	8,584	0	34,43
	5500	27,71	28,71	29,26	37,36			72,46	5,209	1049	2130			1,006	1,006	0	36,67	1,019	8,584	0	34,43
	5550	28,5	29,52	30,08	38,06			73,12	5,293	1069	2169			1,023	1,023	0	37,35	1,019	8,584	0	34,43
	5600	29,28	30,32	30,9	38,75			73,78	5,377	1088	2208			1,039	1,039	0	38,03	1,019	8,584	0	34,43
	5650	29,66	30,72	31,3	38,91			74,44	5,462	1093	2215			1,055	1,055	0	38,19	1,019	8,584	0	34,43
	5700	29,88	30,95	31,54	38,86			75,1	5,546	1091	2210			1,072	1,072	0	38,14	1,019	8,584	0	34,43
	5750	30,06	31,15	31,74	38,77			75,76	5,631	1089	2203			1,089	1,089	0	38,05	1,019	8,584	0	34,43
	5800	30,18	31,29	31,88	38,61			76,42	5,717	1084	2193			1,106	1,106	0	37,89	1,019	8,584	0	34,43
	5850	30,3	31,43	32,02	38,45			77,08	5,803	1080	2183			1,123	1,123	0	37,73	1,019	8,584	0	34,43
	5900	30,7	31,84	32,44	38,62			77,73	5,886	1084	2195			1,140	1,140	0	37,9	1,019	8,584	0	34,43
	5950	31,09	32,25	32,86	38,79			78,39	5,97	1089	2208			1,158	1,158	0	38,07	1,019	8,584	0	34,43
	6000	31,61	32,79	33,41	39,11			79,05	6,05	1098	2227			1,176	1,176	0	38,38	1,019	8,584	0	34,43
	6050	32,21	33,41	34,04	39,52			79,71	6,129	1110	2249			1,194	1,194	0	38,78	1,019	8,584	0	34,43
	6100	32,82	34,03	34,67	39,92			80,37	6,208	1121	2272			1,211	1,211	0	39,18	1,019	8,584	0	34,43
	6150	33,44	34,67	35,33	40,35			81,03	6,288	1133	2297			1,23	1,23	0	39,59	1,019	8,584	0	34,43
	6200	34,07	35,32	35,99	40,77			81,69	6,367	1145	2322			1,248	1,248	0	40,01	1,019	8,584	0	34,43
	6250	34,5	35,77	36,45	40,96			82,35	6,444	1150	2333			1,267	1,267	0	40,19	1,019	8,584	0	34,43
	6300	34,77	36,06	36,74	40,96			83	6,519	1150	2333			1,286	1,286	0	40,2	1,019	8,584	0	34,43
	6350	35,05	36,35	37,04	40,97			83,66	6,595	1150	2333			1,304	1,304	0	40,21	1,019	8,584	0	34,43
	6400	35	36,32	37,01	40,62			84,32	6,678	1141	2311			1,324	1,324	0	39,86	1,019	8,584	0	34,43
	6450	34,92	36,26	36,95	40,24			84,98	6,762	1130	2288			1,343	1,343	0	39,49	1,019	8,584	0	34,43
	6500	34,76	36,12	36,81	39,78			85,64	6,844	1117	2261			1,363	1,363	0	39,03	1,019	8,584	0	34,43
	6550	34,53	35,91	36,59	39,24			86,3	6,925	1102	2229			1,382	1,382	0	38,51	1,019	8,584	0	34,43
	6600	34,28	35,68	36,36	38,7			86,96	7,006	1087	2196			1,402	1,402	0	37,97	1,019	8,584	0	34,43
	6650	33,8	35,22	35,89	37,92			87,62	7,097	1065	2146			1,422	1,422	0	37,21	1,019	8,584	0	34,43
	6700	33,32	34,76	35,42	37,14			88,27	7,187	1043	2095			1,442	1,442	0	36,44	1,019	8,584	0	34,43
	6750	32,95	34,41	35,06	36,49			88,93	7,278	1025	2058			1,463	1,463	0	35,81	1,019	8,584	0	34,43
	6800	32,6	34,08	34,73	35,87			89,59	7,37	1007	2023			1,484	1,484	0	35,2	1,019	8,584	0	34,43
	6850	32,38	33,89	34,53	35,41			90,25	7,462	994,3	1995			1,504	1,504	0	34,75	1,019	8,584	0	34,43
	6900	32,24	33,77	34,41	35,03			90,91	7,554	983,5	1971			1,525	1,525	0	34,37	1,019	8,584	0	34,43
	6950	32,21	33,76	34,4	34,76			91,57	7,648	976,1	1952			1,547	1,547	0	34,11	1,019	8,584	0	34,43
	7000	32,29	33,86	34,51	34,62			92,23	7,744	972,2	1940			1,568	1,568	0	33,98	1,019	8,584	0	34,43
	7050	32,47	34,06	34,7	34,57			92,89	7,839	970,8	1935			1,59	1,59	0	33,93	1,019	8,584	0	34,43
	7100	32,76	34,37	35,03	34,65			93,54	7,932	973	1941			1,612	1,612	0	34	1,019	8,584	0	34,43
	7150	33,1	34,74	35,4	34,77			94,2	8,025	976,3	1950			1,634	1,634	0	34,12	1,019	8,584	0	34,43
	7200	33,56	35,22	35,89	35,01			94,86	8,118	983	1965			1,656	1,656	0	34,35	1,019	8,584	0	34,43
	7250	34,06	35,74	36,42	35,28			95,52	8,21	990,7	1981			1,678	1,678	0	34,62	1,019	8,584	0	34,43
	7300	34,89	36,59	37,29	35,87			96,18	8,3	1007	2016			1,701	1,701	0	35,2	1,019	8,584	0	34,43
	7350	35,72	37,44	38,15	36,46			96,84	8,39	1024	2050			1,724	1,724	0	35,78	1,019	8,584	0	34,43
	7400	36,8	38,55	39,28	37,28			97,5	8,474	1047	2098			1,747	1,747	0	36,58	1,019	8,584	0	34,43
	7450	37,92	39,69	40,45	38,12			98,16	8,558	1071	2148			1,77	1,77	0	37,41	1,019	8,584	0	34,43
	7500	39,08	40,87	41,65	39			98,81	8,639	1095	2198			1,794	1,794	0	38,27	1,019	8,584	0	34,43
	7550	40,28	42,1	42,9	39,9			99,47	8,718	1120	2251			1,817	1,817	0	39,16	1,019	8,584	0	34,43
	7600	41,49	43,33	44,15	40,8			100,1	8,797	1146	2303			1,841	1,841	0	40,04	1,019	8,584	0	34,43
	7650	42,68	44,54	45,39	41,67			100,8	8,872	1170	2354			1,865	1,865	0	40,89	1,019	8,584	0	34,43
	7700	43,87	45,76	46,63	42,53			101,4	8,947	1194	2405			1,889	1,889	0	41,73	1,019	8,584	0	34,43
	7750	45,06	46,97	47,86	43,37			102,1	9,021	1218	2455			1,914	1,914	0	42,56	1,019	8,584	0	34,43
	7800	46,22	48,16	49,07	44,18			102,8	9,092	1241	2503			1,939	1,939	0	43,35	1,019	8,584	0	34,43
	7850	47,38	49,35	50,29	44,99			103,4	9,163	1263	2552			1,964	1,964	0	44,15	1,019	8,584	0	34,43
	7900	48,49	50,48	51,44	45,73			104,1	9,232	1284	2596			1,989	1,989	0	44,87	1,019	8,584	0	34,43
	7950	49,52	51,53	52,51	46,39			104,7	9,3	1302	2635			2,014	2,014	0	45,52	1,019	8,584	0	34,43
	8000	50,55	52,59	53,59	47,05			105,4	9,367	1321	2673			2,04	2,04	0	46,17	1,019	8,584	0	34,43
	8050	51,53	53,6	54,62	47,65			106,1	9,434	1338	2709			2,066	2,066	0	46,76	1,019	8,584	0	34,43
	8100	52,47	54,56	55,59	48,2			106,7	9,5	1353	2742			2,092	2,092	0	47,3	1,019	8,584	0	34,43
	8150	53,4	55,52	56,57	48,75			107,4	9,566	1369	2775			2,118	2,118	0	47,84	1,019	8,584	0	34,43
	8200	54,25	56,4	57,47	49,22			108	9,631	1382	2805			2,144	2,144	0	48,3	1,019	8,584	0	34,43
	8250	55,03	57,2	58,29	49,61			108,7	9,694	1393	2831			2,171	2,171	0	48,69	1,019	8,584	0	34,43
	8300	55,8	58	59,1	50,01			109,4	9,757	1404	2857			2,198	2,198	0	49,07	1,019	8,584	0	34,43
	8350	56,47	58,69	59,81	50,31			110	9,82	1413	2875			2,225	2,225	0	49,37	1,019	8,584	0	34,43
	8400	56,88	59,13	60,26	50,39			110,7	9,883	1415	2876			2,253	2,253	0	49,44	1,019	8,584	0	34,43
	8450	57,3	59,58	60,72	50,47			111,3	9,946	1417	2877			2,280	2,280	0	49,52	1,019	8,584	0	34,43
	8500	57,68	59,99	61,15	50,53			112	10,01	1418	2877			2,308	2,308	0	49,57	1,019	8,584	0	34,43
	8550	57,88	60,21	61,37	50,42			112,6	10,07	1415	2865			2,336	2,336	0	49,46	1,019	8,584	0	34,43
	8600	58,07	60,44	61,6	50,31			113,3	10,14	1412	2854			2,364	2,364	0	49,36	1,019	8,584	0	34,43
	8650	58,26	60,66	61,82	50,2			114	10,21	1409	2844			2,393	2,393	0	49,25	1,019	8,584	0	34,43
	8700	58,45	60,87	62,04	50,09			114,6	10,27	1406	2838			2,422	2,422	0	49,14	1,019	8,584	0	34,43
	8750	58,63	61,08	62,25	49,97			115,3	10,34	1403	2832			2,451	2,451	0	49,03	1,019	8,584	0	34,43
	8800	58,81	61,29	62,47	49,86			115,9	10,4	1400	2826			2,48	2,48	0	48,92	1,019	8,584	0	34,43
	8850	58,91	61,42	62,6	49,68			116,6	10,46	1395	2816			2,509	2,509	0	48,74	1,019	8,584	0	34,43
	8900	59,01	61,55	62,73	49,51			117,3	10,53	1390	2805			2,539	2,539	0	48,57	1,019	8,584	0	34,43
	8950	59,1	61,67	62,86	49,33			117,9	10,6	1385	2794			2,569	2,569	0	48,4	1,019	8,584	0	34,43
	9000	59,2	61,8	62,99	49,16			118,6	10,66	1380	2784			2,599	2,599	0	48,23	1,019	8,584	0	34,43
	9050	59,3	61,93	63,13	48,99			119,2	10,73	1375	2774			2,63	2,63	0	48,07	1,019	8,584	0	34,43
	9100	59,4	62,06	63,26	48,82			119,9	10,8	1371	2763			2,66	2,66	0	47,9	1,019	8,584	0	34,43
	9150	59,59	62,28	63,48	48,73			120,6	10,86	1368	2758			2,691	2,691	0	47,81	1,019	8,584	0	34,43
	9200	59,78	62,5	63,7	48,63			121,2	10,93	1365	2754			2,722	2,722	0	47,71	1,019	8,584	0	34,43
	9250	59,97	62,72	63,93	48,54			121,9	10,99	1363	2749			2,753	2,753	0	47,62	1,019	8,584	0	34,43
	9300	60,09	62,87	64,08	48,4			122,5	11,06	1359	2739			2,785	2,785	0	47,48	1,019	8,584	0	34,43
	9350	60,2	63,02	64,23	48,25			123,2	11,13	1355	2727			2,817	2,817	0	47,34	1,019	8,584	0	34,43
	9400	60,32	63,16	64,38	48,1			123,8	11,2	1350	2716			2,849	2,849	0	47,2	1,019	8,584	0	34,43
	9450	60,5	63,38	64,6	48,01			124,5	11,26	1348	2708			2,882	2,882	0	47,11	1,019	8,584	0	34,43
	9500	60,68	63,6	64,82	47,93			125,2	11,33	1345	2701			2,914	2,914	0	47,02	1,019	8,584	0	34,43
	9550	60,88	63,83	65,05	47,84			125,8	11,4	1343	2694			2,947	2,947	0	46,94	1,019	8,584	0	34,43
	9600	61,27	64,25	65,49	47,91			126,5	11,47	1345	2699			2,98	2,98	0	47,01	1,019	8,584	0	34,43
	9650	61,67	64,68	65,93	47,98			127,1	11,54	1347	2704			3,014	3,014	0	47,08	1,019	8,584	0	34,43
	9700	62,06	65,1	66,36	48,05			127,8	11,6	1349	2708			3,047	3,047	0	47,14	1,019	8,584	0	34,43
	9750	62,38	65,46	66,72	48,06			128,5	11,67	1349	2709			3,081	3,081	0	47,16	1,019	8,584	0	34,43
	9800	62,71	65,82	67,09	48,08			129,1	11,74	1350	2711			3,115	3,115	0	47,17	1,019	8,584	0	34,43
	9850	63,02	66,17	67,44	48,09			129,8	11,8	1350	2711			3,15	3,15	0	47,18	1,019	8,584	0	34,43
	9900	63,14	66,32	67,6	47,96			130,4	11,87	1346	2702			3,185	3,185	0	47,05	1,019	8,584	0	34,43
	9950	63,26	66,48	67,76	47,83			131,1	11,94	1343	2692			3,219	3,219	0	46,93	1,019	8,584	0	34,43
	10000	63,36	66,62	67,9	47,69			131,8	12,01	1339	2682			3,254	3,254	0	46,79	1,019	8,584	0	34,43
	10050	63,38	66,67	67,95	47,49			132,4	12,08	1333	2667			3,29	3,29	0	46,59	1,019	8,584	0	34,43
	10100	63,39	66,72	68	47,29			133,1	12,15	1328	2653			3,326	3,326	0	46,4	1,019	8,584	0	34,43
	10150	63,38	66,75	68,03	47,08			133,7	12,22	1322	2637			3,362	3,362	0	46,19	1,019	8,584	0	34,43
	10200	63,31	66,71	68	46,82			134,4	12,29	1314	2620			3,398	3,398	0	45,94	1,019	8,584	0	34,43
	10250	63,24	66,68	67,96	46,57			135	12,36	1307	2603			3,435	3,435	0	45,69	1,019	8,584	0	34,43
	10300	63,1	66,57	67,86	46,27			135,7	12,43	1299	2584			3,471	3,471	0	45,4	1,019	8,584	0	34,43
	10350	62,86	66,37	67,65	45,91			136,4	12,5	1289	2561			3,508	3,508	0	45,04	1,019	8,584	0	34,43
	10400	62,62	66,16	67,44	45,54			137	12,58	1279	2538			3,546	3,546	0	44,68	1,019	8,584	0	34,43
	10450	62,31	65,89	67,16	45,14			137,7	12,65	1267	2513			3,583	3,583	0	44,29	1,019	8,584	0	34,43
	10500	61,95	65,57	66,83	44,71			138,3	12,72	1255	2486			3,621	3,621	0	43,87	1,019	8,584	0	34,43
	10550	61,6	65,26	66,51	44,28			139	12,8	1243	2460			3,659	3,659	0	43,44	1,019	8,584	0	34,43
	10600	61,29	64,99	66,24	43,89			139,7	12,87	1232	2435			3,698	3,698	0	43,06	1,019	8,584	0	34,43
	10650	60,98	64,71	65,96	43,5			140,3	12,95	1221	2409			3,736	3,736	0	42,68	1,019	8,584	0	34,43
	10700	60,73	64,51	65,75	43,16			141	13,03	1212	2388			3,775	3,775	0	42,34	1,019	8,584	0	34,43
	10750	60,61	64,42	65,66	42,9			141,6	13,11	1204	2373			3,815	3,815	0	42,09	1,019	8,584	0	34,43
	10800	60,48	64,33	65,57	42,64			142,3	13,19	1197	2357			3,854	3,854	0	41,84	1,019	8,584	0	34,43
	10850	60,33	64,23	65,47	42,38			143	13,26	1190	2341			3,894	3,894	0	41,58	1,019	8,584	0	34,43
	10900	60,19	64,12	65,35	42,11			143,6	13,34	1182	2325			3,934	3,934	0	41,32	1,019	8,584	0	34,43
	10950	60	63,98	65,21	41,83			144,3	13,42	1174	2306			3,974	3,974	0	41,04	1,019	8,584	0	34,43
	11000	59,71	63,73	64,95	41,47			144,9	13,5	1164	2279			4,015	4,015	0	40,69	1,019	8,584	0	34,43
	11050	59,42	63,47	64,69	41,12			145,6	13,58	1154	2253			4,056	4,056	0	40,34	1,019	8,584	0	34,43
	11100	59,28	63,38	64,6	40,88			146,2	13,67	1148	2236			4,097	4,097	0	40,1	1,019	8,584	0	34,43
	11150	59,19	63,33	64,55	40,66			146,9	13,75	1141	2221			4,139	4,139	0	39,89	1,019	8,584	0	34,43
	11200	59,1	63,28	64,5	40,45			147,6	13,83	1135	2207			4,18	4,18	0	39,68	1,019	8,584	0	34,43
	11250	59	63,23	64,44	40,23			148,2	13,92	1130	2195			4,222	4,222	0	39,47	1,019	8,584	0	34,43
	11300	58,91	63,18	64,39	40,02			148,9	14	1124	2184			4,265	4,265	0	39,27	1,019	8,584	0	34,43
	11350	58,58	62,89	64,1	39,67			149,5	14,08	1114	2162			4,307	4,307	0	38,92	1,019	8,584	0	34,43
	11400	58,24	62,59	63,79	39,3			150,2	14,17	1103	2140			4,350	4,350	0	38,56	1,019	8,584	0	34,43
	11450	57,77	62,17	63,36	38,87			150,9	14,26	1091	2114			4,394	4,394	0	38,14	1,019	8,584	0	34,43
	11500	57,24	61,68	62,86	38,4			151,5	14,35	1078	2085			4,437	4,437	0	37,67	1,019	8,584	0	34,43
	11550	56,62	61,1	62,28	37,87			152,2	14,44	1063	2054			4,481	4,481	0	37,16	1,019	8,584	0	34,43
	11600	55,86	60,39	61,55	37,27			152,8	14,53	1046	2019			4,525	4,525	0	36,57	1,019	8,584	0	34,43
	11650	55,05	59,62	60,77	36,64			153,5	14,62	1029	1981			4,569	4,569	0	35,95	1,019	8,584	0	34,43
	11700	54,06	58,67	59,79	35,9			154,2	14,72	1008	1935			4,614	4,614	0	35,22	1,019	8,584	0	34,43
	11750	53,08	57,73	58,83	35,17			154,8	14,81	987,5	1889			4,659	4,659	0	34,51	1,019	8,584	0	34,43
	11800	52,23	56,93	58,01	34,53			155,5	14,92	969,7	1853			4,705	4,705	0	33,89	1,019	8,584	0	34,43
	11850	51,36	56,11	57,18	33,89			156,1	15,02	951,7	1817			4,75	4,75	0	33,26	1,019	8,584	0	34,43
	11900	50,47	55,26	56,31	33,24			156,8	15,12	933,4	1782			4,796	4,796	0	32,62	1,019	8,584	0	34,43
	11950	49,49	54,33	55,36	32,54			157,4	15,22	913,7	1742			4,842	4,842	0	31,93	1,019	8,584	0	34,43
	12000	48,14	53,03	54,04	31,63			158,1	15,34	888,2	1681			4,889	4,889	0	31,04	1,019	8,584	0	34,43
	12050	47,29	52,22	53,21	31,02			158,8	15,45	871	1638			4,936	4,936	0	30,44	1,019	8,584	0	34,43
	12100	47	51,98	52,97	30,75			159,4	15,57	863,4	1616			4,983	4,983	0	30,17	1,019	8,584	0	34,43
	12150	46,91	51,94	52,93	30,6			160,1	15,68	859,2	1604			5,03	5,03	0	30,03	1,019	8,584	0	34,43
	12200	46,9	51,97	52,96	30,49			160,7	15,79	856,2	1595			5,078	5,078	0	29,92	1,019	8,584	0	34,43
	12250	46,26	51,39	52,36	30,02			161,4	15,91	843,1	1566			5,126	5,126	0	29,46	1,019	8,584	0	34,43
	12300	45,58	50,76	51,72	29,53			162,1	16,03	829,3	1535			5,174	5,174	0	28,98	1,019	8,584	0	34,43
	12350	44,96	50,19	51,14	29,08			162,7	16,16	816,7	1507			5,223	5,223	0	28,54	1,019	8,584	0	34,43
	12400	44,44	49,71	50,66	28,69			163,4	16,28	805,7	1484			5,272	5,272	0	28,16	1,019	8,584	0	34,43
	12450	43,97	49,29	50,23	28,33			164	16,4	795,6	1464			5,321	5,321	0	27,81	1,019	8,584	0	34,43
	12500	43,75	49,12	50,05	28,12			164,7	16,53	789,7	1453			5,371	5,371	0	27,6	1,019	8,584	0	34,43
	12550	43,41	48,83	49,76	27,85			165,3	16,66	781,9	1436			5,421	5,421	0	27,33	1,019	8,584	0	34,43
	12600	42,92	48,39	49,31	27,49			166	16,78	771,9	1411			5,471	5,471	0	26,98	1,019	8,584	0	34,43
	12650	41,79	47,31	48,21	26,77			166,7	16,92	751,6	1362			5,522	5,522	0	26,27	1,019	8,584	0	34,43
	12700	40,65	46,22	47,1	26,05			167,3	17,07	731,4	1313			5,573	5,573	0	25,56	1,019	8,584	0	34,43
	12750	39,62	45,25	46,11	25,4			168	17,21	713,2	1269			5,624	5,624	0	24,93	1,019	8,584	0	34,43
	12800	38,21	43,89	44,72	24,54			168,6	17,36	689,1	1226			5,675	5,675	0	24,08	1,019	8,584	0	34,43
	12850	35,98	41,71	42,5	23,23			169,3	17,51	652,4	1162			5,727	5,727	0	22,8	1,019	8,584	0	34,43
	12900	33,2	38,98	39,72	21,63			170	17,69	607,3	1080			5,779	5,779	0	21,22	1,019	8,584	0	34,43
	12950	30,87	36,7	37,4	20,28			170,6	17,88	569,6	1006			5,832	5,832	0	19,91	1,019	8,584	0	34,43
	13000	30,22	36,1	36,79	19,88			171,3	112,2	558,1	979			5,885	5,885	0	19,51	1,019	8,584	0	34,43
