																					
	<<Vitesse moteur>>	Puissance Brute Mesurée	Puissance à la roue	Puissance roue corrigée	Couple corrigé Roue	Puissance corrigée moteur	Couple corrigé moteur	Vitesse véhicule	Temps acquisition Mesure	Force à la Roue	Accélération Linéaire	OBD-PID13 : Vitesse du véhicule	Couple moteur brut	Puissance Pertes Calibrées Totales	Puissance Pertes Calibrées Banc	Puissance Pertes Calibrées Vehicule	Couple brut	Facteur de correction	Rapport de sortie	Rapport Global Dynamique	Facteur de pertes transmission
	tr/min	ch	ch	ch	N.m	ch	N.m	Km/h	s	N	mm/s²	Km/h	N.m	ch	ch	ch	N.m	 	 	 	%
	2000	5,788	6,011	6,206	21,81	8,796	30,89	26,29	0E-13	606	505,8		29,91	0,2237	0,2237	0	21,13	1,032	8,605	0	25,22
	2050	6,067	6,298	6,501	22,27	9,156	31,37	26,94	0,1776	618,8	750,5		30,38	0,2309	0,2309	0	21,57	1,032	8,605	0	25,22
	2100	6,347	6,586	6,799	22,74	9,518	31,83	27,6	0,354	631,8	991,6		30,83	0,2382	0,2382	0	22,03	1,032	8,605	0	25,22
	2150	6,664	6,91	7,133	23,3	9,918	32,39	28,26	0,5011	647,3	1143		31,37	0,2455	0,2455	0	22,57	1,032	8,605	0	25,22
	2200	6,915	7,168	7,4	23,62	10,25	32,72	28,91	0,6452	656,3	1234		31,69	0,253	0,253	0	22,88	1,032	8,605	0	25,22
	2250	7,1	7,36	7,598	23,72	10,51	32,82	29,57	0,7889	659	1281		31,78	0,2605	0,2605	0	22,98	1,032	8,605	0	25,22
	2300	7,192	7,461	7,702	23,52	10,68	32,62	30,23	0,9354	653,5	1286		31,59	0,2681	0,2681	0	22,78	1,032	8,605	0	25,22
	2350	7,255	7,531	7,774	23,24	10,82	32,33	30,89	1,081	645,7	1276		31,31	0,2758	0,2758	0	22,51	1,032	8,605	0	25,22
	2400	7,32	7,604	7,849	22,97	10,96	32,07	31,54	1,227	638,3	1263		31,06	0,2836	0,2836	0	22,25	1,032	8,605	0	25,22
	2450	7,41	7,701	7,95	22,79	11,12	31,89	32,2	1,374	633,3	1253		30,88	0,2915	0,2915	0	22,08	1,032	8,605	0	25,22
	2500	7,597	7,897	8,152	22,9	11,39	32	32,86	1,521	636,3	1260		30,99	0,2995	0,2995	0	22,18	1,032	8,605	0	25,22
	2550	7,831	8,138	8,401	23,14	11,7	32,23	33,52	1,661	642,9	1277		31,22	0,3076	0,3076	0	22,41	1,032	8,605	0	25,22
	2600	8,024	8,34	8,61	23,26	11,98	32,36	34,17	1,8	646,3	1286		31,33	0,3158	0,3158	0	22,53	1,032	8,605	0	25,22
	2650	8,131	8,455	8,729	23,13	12,16	32,23	34,83	1,941	642,8	1280		31,21	0,3241	0,3241	0	22,41	1,032	8,605	0	25,22
	2700	8,177	8,51	8,783	22,85	12,28	31,95	35,49	2,09	635	1264		30,94	0,3326	0,3326	0	22,14	1,032	8,605	0	25,22
	2750	8,361	8,702	8,981	22,93	12,54	32,04	36,14	2,237	637,4	1271		31,03	0,3411	0,3411	0	22,22	1,032	8,605	0	25,22
	2800	8,711	9,061	9,352	23,45	12,98	32,55	36,8	2,379	651,7	1304		31,53	0,3497	0,3497	0	22,72	1,032	8,605	0	25,22
	2850	9,311	9,67	9,98	24,59	13,67	33,69	37,46	2,509	683,3	1374		32,63	0,3584	0,3584	0	23,82	1,032	8,605	0	25,22
	2900	9,959	10,33	10,66	25,8	14,42	34,9	38,12	2,629	716,9	1447		33,8	0,3673	0,3673	0	25	1,032	8,605	0	25,22
	2950	10,63	11	11,36	27,04	15,18	36,14	38,77	2,745	751,5	1523		35	0,3762	0,3762	0	26,2	1,032	8,605	0	25,22
	3000	11,11	11,5	11,87	27,78	15,76	36,88	39,43	2,857	771,9	1562		35,72	0,3853	0,3853	0	26,91	1,032	8,605	0	25,22
	3050	11,58	11,97	12,36	28,46	16,31	37,56	40,09	2,97	790,8	1599		36,38	0,3944	0,3944	0	27,57	1,032	8,605	0	25,22
	3100	11,98	12,39	12,78	28,96	16,8	38,06	40,74	3,087	804,7	1622		36,86	0,4037	0,4037	0	28,06	1,032	8,605	0	25,22
	3150	12,45	12,86	13,28	29,59	17,36	38,7	41,4	3,198	822,4	1658		37,48	0,4131	0,4131	0	28,67	1,032	8,605	0	25,22
	3200	12,99	13,42	13,85	30,38	18	39,49	42,06	3,305	844,4	1708		38,24	0,4226	0,4226	0	29,44	1,032	8,605	0	25,22
	3250	13,56	13,99	14,44	31,19	18,65	40,3	42,72	3,406	866,9	1760		39,03	0,4323	0,4323	0	30,22	1,032	8,605	0	25,22
	3300	14,14	14,58	15,05	32,01	19,33	41,12	43,37	3,502	889,7	1815		39,82	0,442	0,442	0	31,02	1,032	8,605	0	25,22
	3350	14,61	15,06	15,55	32,59	19,89	41,69	44,03	3,598	905,7	1850		40,38	0,4519	0,4519	0	31,57	1,032	8,605	0	25,22
	3400	14,99	15,45	15,95	32,94	20,36	42,04	44,69	3,693	915,4	1868		40,72	0,4619	0,4619	0	31,91	1,032	8,605	0	25,22
	3450	15,34	15,81	16,32	33,22	20,79	42,33	45,34	3,791	923,3	1882		40,99	0,4719	0,4719	0	32,19	1,032	8,605	0	25,22
	3500	15,65	16,13	16,65	33,41	21,19	42,52	46	3,892	928,6	1890		41,18	0,4822	0,4822	0	32,37	1,032	8,605	0	25,22
	3550	15,96	16,45	16,98	33,59	21,58	42,7	46,66	3,99	933,5	1900		41,35	0,4925	0,4925	0	32,55	1,032	8,605	0	25,22
	3600	16,26	16,76	17,3	33,75	21,97	42,86	47,32	4,081	938	1911		41,51	0,503	0,503	0	32,7	1,032	8,605	0	25,22
	3650	16,54	17,05	17,6	33,87	22,33	42,97	47,97	4,174	941,2	1918		41,62	0,5135	0,5135	0	32,81	1,032	8,605	0	25,22
	3700	16,75	17,28	17,83	33,85	22,63	42,95	48,63	4,272	940,6	1915		41,6	0,5243	0,5243	0	32,79	1,032	8,605	0	25,22
	3750	16,94	17,48	18,04	33,79	22,9	42,9	49,29	4,368	939,1	1910		41,54	0,5351	0,5351	0	32,74	1,032	8,605	0	25,22
	3800	17,06	17,61	18,17	33,59	23,1	42,7	49,94	4,464	933,6	1897		41,35	0,5461	0,5461	0	32,55	1,032	8,605	0	25,22
	3850	17,18	17,73	18,3	33,39	23,29	42,5	50,6	4,560	927,9	1885		41,15	0,5571	0,5571	0	32,35	1,032	8,605	0	25,22
	3900	17,26	17,83	18,4	33,15	23,46	42,25	51,26	4,661	921,2	1871		40,92	0,5684	0,5684	0	32,12	1,032	8,605	0	25,22
	3950	17,36	17,94	18,51	32,92	23,63	42,02	51,92	4,761	914,8	1857		40,7	0,5797	0,5797	0	31,89	1,032	8,605	0	25,22
	4000	17,49	18,08	18,66	32,77	23,85	41,88	52,57	4,858	910,7	1847		40,56	0,5912	0,5912	0	31,75	1,032	8,605	0	25,22
	4050	17,62	18,22	18,81	32,62	24,06	41,72	53,23	4,956	906,5	1837		40,41	0,6028	0,6028	0	31,6	1,032	8,605	0	25,22
	4100	17,7	18,31	18,9	32,38	24,22	41,49	53,89	5,058	899,9	1823		40,18	0,6146	0,6146	0	31,37	1,032	8,605	0	25,22
	4150	17,74	18,37	18,96	32,09	24,34	41,19	54,54	5,16	891,8	1807		39,89	0,6264	0,6264	0	31,09	1,032	8,605	0	25,22
	4200	17,53	18,17	18,75	31,36	24,19	40,47	55,2	5,261	871,6	1766		39,19	0,6385	0,6385	0	30,39	1,032	8,605	0	25,22
	4250	17,26	17,91	18,49	30,56	24	39,66	55,86	5,366	849,2	1719		38,41	0,6506	0,6506	0	29,61	1,032	8,605	0	25,22
	4300	16,7	17,36	17,92	29,28	23,49	38,38	56,52	5,485	813,7	1638		37,17	0,6629	0,6629	0	28,37	1,032	8,605	0	25,22
	4350	16,15	16,83	17,37	28,05	23,01	37,16	57,17	5,607	779,6	1563		35,98	0,6753	0,6753	0	27,18	1,032	8,605	0	25,22
	4400	15,62	16,31	16,83	26,87	22,54	35,98	57,83	5,731	746,9	1493		34,84	0,6879	0,6879	0	26,04	1,032	8,605	0	25,22
	4450	15,27	15,97	16,48	26,02	22,25	35,12	58,49	5,86	723	1445		34,01	0,7006	0,7006	0	25,21	1,032	8,605	0	25,22
	4500	15,03	15,74	16,25	25,36	22,08	34,46	59,14	5,99	704,8	1407		33,38	0,7135	0,7135	0	24,57	1,032	8,605	0	25,22
	4550	14,98	15,7	16,21	25,02	22,11	34,12	59,8	6,121	695,4	1384		33,05	0,7264	0,7264	0	24,24	1,032	8,605	0	25,22
	4600	15,02	15,75	16,26	24,83	22,22	33,93	60,46	6,254	690	1370		32,86	0,7396	0,7396	0	24,06	1,032	8,605	0	25,22
	4650	15,1	15,85	16,36	24,71	22,39	33,82	61,12	6,388	686,8	1360		32,75	0,7529	0,7529	0	23,95	1,032	8,605	0	25,22
	4700	15,25	16,01	16,53	24,7	22,62	33,8	61,77	6,523	686,4	1359		32,73	0,7663	0,7663	0	23,93	1,032	8,605	0	25,22
	4750	15,47	16,25	16,77	24,8	22,93	33,9	62,43	6,656	689,1	1367		32,83	0,7799	0,7799	0	24,02	1,032	8,605	0	25,22
	4800	15,76	16,55	17,08	25	23,3	34,1	63,09	6,788	694,7	1381		33,02	0,7936	0,7936	0	24,22	1,032	8,605	0	25,22
	4850	16,16	16,97	17,52	25,37	23,8	34,47	63,74	6,917	704,9	1405		33,38	0,8075	0,8075	0	24,58	1,032	8,605	0	25,22
	4900	16,84	17,67	18,23	26,13	24,58	35,23	64,4	7,043	726,2	1450		34,12	0,8215	0,8215	0	25,32	1,032	8,605	0	25,22
	4950	17,63	18,47	19,06	27,04	25,48	36,15	65,06	7,165	751,6	1504		35,01	0,8357	0,8357	0	26,2	1,032	8,605	0	25,22
	5000	18,56	19,41	20,03	28,13	26,51	37,24	65,72	7,276	781,8	1567		36,06	0,8501	0,8501	0	27,26	1,032	8,605	0	25,22
	5050	19,43	20,29	20,94	29,12	27,49	38,23	66,37	7,385	809,3	1624		37,02	0,8645	0,8645	0	28,22	1,032	8,605	0	25,22
	5100	20,18	21,06	21,74	29,93	28,35	39,03	67,03	7,491	831,7	1671		37,8	0,8792	0,8792	0	28,99	1,032	8,605	0	25,22
	5150	20,81	21,71	22,41	30,56	29,08	39,66	67,69	7,597	849,1	1706		38,41	0,894	0,894	0	29,6	1,032	8,605	0	25,22
	5200	21,31	22,22	22,94	30,98	29,68	40,08	68,34	7,703	860,8	1729		38,81	0,9089	0,9089	0	30,01	1,032	8,605	0	25,22
	5250	21,86	22,78	23,52	31,46	30,32	40,56	69	7,807	874,1	1756		39,28	0,9241	0,9241	0	30,47	1,032	8,605	0	25,22
	5300	22,44	23,38	24,14	31,98	31	41,08	69,66	7,912	888,6	1786		39,78	0,9393	0,9393	0	30,98	1,032	8,605	0	25,22
	5350	23,17	24,12	24,9	32,69	31,83	41,78	70,32	8,01	908,2	1828		40,47	0,9548	0,9548	0	31,66	1,032	8,605	0	25,22
	5400	23,97	24,94	25,75	33,48	32,74	42,58	70,97	8,106	930,4	1876		41,24	0,9703	0,9703	0	32,44	1,032	8,605	0	25,22
	5450	24,73	25,72	26,55	34,21	33,61	43,31	71,63	8,198	950,5	1918		41,94	0,9861	0,9861	0	33,14	1,032	8,605	0	25,22
	5500	25,45	26,46	27,31	34,87	34,44	43,97	72,29	8,288	968,9	1958		42,58	1,002	1,002	0	33,78	1,032	8,605	0	25,22
	5550	26,14	27,16	28,04	35,48	35,23	44,58	72,94	8,379	985,9	1994		43,18	1,018	1,018	0	34,37	1,032	8,605	0	25,22
	5600	26,77	27,81	28,71	36	35,96	45,1	73,6	8,469	1000	2026		43,67	1,034	1,034	0	34,87	1,032	8,605	0	25,22
	5650	27,4	28,45	29,37	36,5	36,69	45,6	74,26	8,559	1014	2057		44,16	1,051	1,051	0	35,36	1,032	8,605	0	25,22
	5700	27,98	29,05	29,99	36,95	37,37	46,05	74,92	8,644	1027	2082		44,59	1,067	1,067	0	35,79	1,032	8,605	0	25,22
	5750	28,57	29,65	30,61	37,39	38,06	46,49	75,57	8,729	1039	2108		45,02	1,084	1,084	0	36,22	1,032	8,605	0	25,22
	5800	29,2	30,3	31,28	37,87	38,79	46,97	76,23	8,815	1052	2132		45,49	1,101	1,101	0	36,68	1,032	8,605	0	25,22
	5850	29,83	30,95	31,95	38,36	39,53	47,46	76,89	8,901	1066	2156		45,96	1,118	1,118	0	37,16	1,032	8,605	0	25,22
	5900	30,48	31,61	32,63	38,85	40,28	47,95	77,54	8,984	1079	2183		46,43	1,135	1,135	0	37,63	1,032	8,605	0	25,22
	5950	31,13	32,28	33,32	39,33	41,03	48,43	78,2	9,065	1093	2213		46,9	1,153	1,153	0	38,1	1,032	8,605	0	25,22
	6000	31,78	32,95	34,01	39,81	41,79	48,91	78,86	9,146	1106	2243		47,37	1,17	1,17	0	38,57	1,032	8,605	0	25,22
	6050	32,09	33,28	34,36	39,88	42,2	48,98	79,52	9,224	1108	2248		47,44	1,188	1,188	0	38,63	1,032	8,605	0	25,22
	6100	32,4	33,6	34,69	39,94	42,59	49,04	80,17	9,303	1110	2252		47,49	1,206	1,206	0	38,69	1,032	8,605	0	25,22
	6150	32,57	33,79	34,89	39,84	42,85	48,94	80,83	9,385	1107	2245		47,4	1,224	1,224	0	38,59	1,032	8,605	0	25,22
	6200	32,56	33,81	34,9	39,54	42,93	48,64	81,49	9,47	1099	2223		47,1	1,243	1,243	0	38,3	1,032	8,605	0	25,22
	6250	32,56	33,82	34,92	39,24	43,02	48,34	82,14	9,556	1090	2202		46,81	1,261	1,261	0	38,01	1,032	8,605	0	25,22
	6300	32,6	33,88	34,98	38,99	43,14	48,1	82,8	9,64	1083	2187		46,58	1,28	1,28	0	37,77	1,032	8,605	0	25,22
	6350	32,64	33,94	35,03	38,75	43,26	47,85	83,46	9,724	1077	2173		46,34	1,299	1,299	0	37,54	1,032	8,605	0	25,22
	6400	32,75	34,07	35,17	38,6	43,46	47,7	84,12	9,809	1072	2164		46,19	1,318	1,318	0	37,39	1,032	8,605	0	25,22
	6450	32,9	34,24	35,34	38,49	43,7	47,59	84,77	9,894	1069	2157		46,08	1,337	1,337	0	37,28	1,032	8,605	0	25,22
	6500	33	34,36	35,47	38,33	43,89	47,43	85,43	9,979	1065	2147		45,93	1,356	1,356	0	37,13	1,032	8,605	0	25,22
	6550	33,02	34,4	35,51	38,08	44	47,18	86,09	10,06	1058	2131		45,69	1,376	1,376	0	36,89	1,032	8,605	0	25,22
	6600	33,05	34,44	35,56	37,84	44,11	46,94	86,74	10,15	1051	2115		45,46	1,396	1,396	0	36,65	1,032	8,605	0	25,22
	6650	32,9	34,31	35,42	37,41	44,04	46,51	87,4	10,24	1040	2089		45,05	1,416	1,416	0	36,24	1,032	8,605	0	25,22
	6700	32,74	34,18	35,28	36,99	43,96	46,09	88,06	10,33	1028	2063		44,63	1,436	1,436	0	35,83	1,032	8,605	0	25,22
	6750	32,49	33,95	35,05	36,47	43,79	45,57	88,72	10,42	1013	2031		44,13	1,456	1,456	0	35,33	1,032	8,605	0	25,22
	6800	32,22	33,7	34,79	35,94	43,6	45,04	89,37	10,51	998,5	1998		43,62	1,477	1,477	0	34,81	1,032	8,605	0	25,22
	6850	31,92	33,42	34,5	35,38	43,38	44,48	90,03	10,6	983	1963		43,07	1,497	1,497	0	34,27	1,032	8,605	0	25,22
	6900	31,6	33,12	34,19	34,8	43,13	43,9	90,69	10,7	967	1925		42,52	1,518	1,518	0	33,71	1,032	8,605	0	25,22
	6950	31,44	32,98	34,05	34,41	43,05	43,51	91,35	10,8	956,1	1901		42,14	1,539	1,539	0	33,33	1,032	8,605	0	25,22
	7000	31,43	32,99	34,06	34,18	43,13	43,28	92	10,9	949,6	1888		41,91	1,561	1,561	0	33,11	1,032	8,605	0	25,22
	7050	31,53	33,12	34,19	34,06	43,32	43,16	92,66	10,99	946,3	1883		41,8	1,582	1,582	0	32,99	1,032	8,605	0	25,22
	7100	31,76	33,37	34,44	34,07	43,64	43,17	93,32	11,09	946,7	1887		41,81	1,604	1,604	0	33,01	1,032	8,605	0	25,22
	7150	32,04	33,67	34,76	34,14	44,02	43,24	93,97	11,19	948,6	1893		41,88	1,626	1,626	0	33,07	1,032	8,605	0	25,22
	7200	32,41	34,06	35,16	34,3	44,49	43,4	94,63	11,28	953	1900		42,03	1,648	1,648	0	33,22	1,032	8,605	0	25,22
	7250	32,81	34,48	35,6	34,49	44,99	43,59	95,29	11,38	958,2	1909		42,21	1,67	1,67	0	33,41	1,032	8,605	0	25,22
	7300	33,3	34,99	36,12	34,75	45,58	43,85	95,95	11,47	965,6	1919		42,47	1,693	1,693	0	33,66	1,032	8,605	0	25,22
	7350	33,85	35,56	36,71	35,08	46,24	44,18	96,6	11,57	974,7	1934		42,79	1,716	1,716	0	33,98	1,032	8,605	0	25,22
	7400	34,67	36,41	37,58	35,67	47,17	44,77	97,26	11,66	991	1968		43,35	1,738	1,738	0	34,55	1,032	8,605	0	25,22
	7450	35,52	37,28	38,48	36,28	48,14	45,38	97,92	11,75	1008	2004		43,95	1,762	1,762	0	35,14	1,032	8,605	0	25,22
	7500	37,2	38,98	40,24	37,68	49,96	46,78	98,57	11,84	1047	2087		45,3	1,785	1,785	0	36,5	1,032	8,605	0	25,22
	7550	38,88	40,69	42,01	39,07	51,79	48,17	99,23	11,92	1086	2171		46,65	1,808	1,808	0	37,85	1,032	8,605	0	25,22
	7600	40,78	42,61	43,99	40,64	53,84	49,74	99,89	12	1129	2264		48,17	1,832	1,832	0	39,36	1,032	8,605	0	25,22
	7650	42,78	44,63	46,08	42,28	55,99	51,38	100,5	12,07	1175	2360		49,76	1,856	1,856	0	40,96	1,032	8,605	0	25,22
	7700	44,77	46,65	48,16	43,93	58,14	53,03	101,2	12,14	1221	2457		51,36	1,88	1,88	0	42,55	1,032	8,605	0	25,22
	7750	46,31	48,21	49,77	45,09	59,81	54,19	101,9	12,21	1253	2521		52,48	1,905	1,905	0	43,68	1,032	8,605	0	25,22
	7800	47,76	49,69	51,3	46,18	61,41	55,28	102,5	12,27	1283	2580		53,54	1,929	1,929	0	44,73	1,032	8,605	0	25,22
	7850	49,22	51,18	52,83	47,27	63	56,37	103,2	12,34	1313	2639		54,59	1,954	1,954	0	45,79	1,032	8,605	0	25,22
	7900	50	51,98	53,66	47,7	63,9	56,8	103,8	12,41	1325	2650		55,01	1,979	1,979	0	46,21	1,032	8,605	0	25,22
	7950	50,68	52,68	54,39	48,04	64,69	57,15	104,5	12,48	1335	2653		55,34	2,004	2,004	0	46,54	1,032	8,605	0	25,22
	8000	51,36	53,39	55,12	48,39	65,48	57,49	105,1	12,55	1344	2656		55,68	2,030	2,030	0	46,87	1,032	8,605	0	25,22
	8050	51,53	53,59	55,32	48,27	65,75	57,37	105,8	12,62	1341	2616		55,56	2,055	2,055	0	46,75	1,032	8,605	0	25,22
	8100	51,69	53,77	55,51	48,13	66	57,23	106,5	12,69	1337	2574		55,43	2,081	2,081	0	46,62	1,032	8,605	0	25,22
	8150	51,8	53,91	55,65	47,96	66,22	57,07	107,1	12,77	1333	2527		55,26	2,107	2,107	0	46,46	1,032	8,605	0	25,22
	8200	51,79	53,93	55,67	47,69	66,3	56,79	107,8	12,84	1325	2458		55	2,134	2,134	0	46,19	1,032	8,605	0	25,22
	8250	51,78	53,94	55,68	47,41	66,38	56,51	108,4	12,92	1317	2390		54,73	2,16	2,16	0	45,92	1,032	8,605	0	25,22
	8300	51,87	54,06	55,81	47,23	66,57	56,33	109,1	13	1312	2321		54,55	2,187	2,187	0	45,75	1,032	8,605	0	25,22
	8350	52,02	54,23	55,99	47,09	66,81	56,2	109,7	13,09	1308	2251		54,42	2,214	2,214	0	45,62	1,032	8,605	0	25,22
	8400	52,21	54,45	56,21	47	67,09	56,1	110,4	13,17	1306	2189		54,33	2,241	2,241	0	45,53	1,032	8,605	0	25,22
	8450	52,49	54,76	56,53	46,99	67,48	56,09	111,1	13,26	1306	2142		54,32	2,269	2,269	0	45,51	1,032	8,605	0	25,22
	8500	52,77	55,07	56,85	46,97	67,87	56,08	111,7	13,35	1305	2095		54,31	2,296	2,296	0	45,5	1,032	8,605	0	25,22
	8550	52,94	55,26	57,05	46,86	68,13	55,97	112,4	13,44	1302	2063		54,2	2,324	2,324	0	45,4	1,032	8,605	0	25,22
	8600	53,1	55,45	57,25	46,75	68,39	55,86	113	13,53	1299	2031		54,09	2,352	2,352	0	45,29	1,032	8,605	0	25,22
	8650	53,32	55,7	57,51	46,69	68,72	55,8	113,7	13,62	1297	2017		54,03	2,381	2,381	0	45,23	1,032	8,605	0	25,22
	8700	53,56	55,97	57,78	46,65	69,06	55,75	114,3	13,71	1296	2007		53,99	2,409	2,409	0	45,19	1,032	8,605	0	25,22
	8750	53,78	56,22	58,03	46,58	69,37	55,68	115	13,8	1294	1999		53,93	2,438	2,438	0	45,12	1,032	8,605	0	25,22
	8800	53,97	56,44	58,27	46,5	69,67	55,61	115,7	13,89	1292	1992		53,85	2,467	2,467	0	45,05	1,032	8,605	0	25,22
	8850	54,16	56,65	58,49	46,42	69,96	55,52	116,3	13,98	1290	1985		53,77	2,496	2,496	0	44,96	1,032	8,605	0	25,22
	8900	54,32	56,85	58,68	46,31	70,22	55,41	117	14,08	1287	1978		53,66	2,526	2,526	0	44,86	1,032	8,605	0	25,22
	8950	54,51	57,07	58,91	46,23	70,51	55,33	117,6	14,17	1285	1973		53,59	2,556	2,556	0	44,78	1,032	8,605	0	25,22
	9000	54,79	57,37	59,23	46,22	70,89	55,32	118,3	14,26	1284	1975		53,58	2,586	2,586	0	44,77	1,032	8,605	0	25,22
	9050	55,07	57,68	59,55	46,21	71,28	55,32	118,9	14,35	1284	1977		53,57	2,616	2,616	0	44,77	1,032	8,605	0	25,22
	9100	55,51	58,16	60,04	46,34	71,83	55,44	119,6	14,45	1288	1986		53,69	2,646	2,646	0	44,89	1,032	8,605	0	25,22
	9150	55,96	58,64	60,53	46,46	72,39	55,57	120,3	14,54	1291	1995		53,81	2,677	2,677	0	45,01	1,032	8,605	0	25,22
	9200	56,15	58,85	60,76	46,38	72,68	55,49	120,9	14,63	1289	1984		53,73	2,708	2,708	0	44,93	1,032	8,605	0	25,22
	9250	56,31	59,05	60,96	46,28	72,94	55,39	121,6	14,72	1286	1971		53,64	2,739	2,739	0	44,83	1,032	8,605	0	25,22
	9300	56,13	58,9	60,8	45,92	72,86	55,02	122,2	14,81	1276	1913		53,29	2,771	2,771	0	44,48	1,032	8,605	0	25,22
	9350	55,74	58,55	60,44	45,4	72,56	54,5	122,9	14,92	1262	1827		52,78	2,802	2,802	0	43,98	1,032	8,605	0	25,22
	9400	55,42	58,25	60,14	44,94	72,32	54,04	123,5	15,03	1249	1677		52,33	2,834	2,834	0	43,53	1,032	8,605	0	25,22
	9450	55,16	58,02	59,9	44,52	72,15	53,62	124,2	15,15	1237	1494		51,93	2,867	2,867	0	43,13	1,032	8,605	0	25,22
	9500	57,97	60,86	62,83	46,45	75,14	55,55	124,9	15,33	1291	1141		53,8	2,899	2,899	0	45	1,032	8,605	0	25,22
	9550	59,28	62,21	64,22	47,23	76,6	56,33	125,5	15,58	1312	792,1		54,56	2,932	2,932	0	45,75	1,032	8,605	0	25,22
	9600	59,91	62,87	64,9	47,48	77,34	56,59	126,2	15,82	1319	731,9		54,8	2,965	2,965	0	46	1,032	8,605	0	25,22
	9650	60,29	63,29	65,33	47,55	77,84	56,65	126,8	16,04	1321	796		54,86	2,998	2,998	0	46,06	1,032	8,605	0	25,22
	9700	60,93	63,96	66,03	47,81	78,6	56,91	127,5	16,24	1328	902,9		55,12	3,031	3,031	0	46,31	1,032	8,605	0	25,22
	9750	61,54	64,61	66,69	48,04	79,33	57,15	128,1	16,42	1335	1021		55,34	3,065	3,065	0	46,54	1,032	8,605	0	25,22
	9800	62,05	65,15	67,26	48,2	79,96	57,3	128,8	16,58	1339	1134		55,5	3,099	3,099	0	46,69	1,032	8,605	0	25,22
	9850	62,36	65,49	67,61	48,21	80,37	57,31	129,5	16,72	1339	1229		55,5	3,133	3,133	0	46,7	1,032	8,605	0	25,22
	9900	62,46	65,63	67,75	48,07	80,59	57,17	130,1	16,86	1336	1300		55,37	3,168	3,168	0	46,56	1,032	8,605	0	25,22
	9950	62,5	65,7	67,83	47,88	80,72	56,98	130,8	16,99	1330	1358		55,18	3,202	3,202	0	46,38	1,032	8,605	0	25,22
	10000	62,5	65,73	67,86	47,66	80,82	56,76	131,4	17,12	1324	1405		54,97	3,237	3,237	0	46,17	1,032	8,605	0	25,22
	10050	62,48	65,75	67,88	47,44	80,91	56,54	132,1	17,25	1318	1440		54,76	3,273	3,273	0	45,95	1,032	8,605	0	25,22
	10100	62,46	65,77	67,9	47,21	80,98	56,32	132,7	17,37	1312	1470		54,54	3,308	3,308	0	45,73	1,032	8,605	0	25,22
	10150	62,41	65,76	67,9	46,98	81,04	56,08	133,4	17,49	1305	1494		54,31	3,344	3,344	0	45,5	1,033	8,605	0	25,22
	10200	62,32	65,7	67,84	46,71	81,04	55,8	134,1	17,61	1298	1515		54,04	3,38	3,38	0	45,24	1,033	8,605	0	25,22
	10250	62,18	65,59	67,73	46,41	81	55,5	134,7	17,73	1289	1533		53,75	3,416	3,416	0	44,95	1,033	8,605	0	25,22
	10300	61,91	65,37	67,5	46,03	80,83	55,12	135,4	17,85	1279	1542		53,38	3,453	3,453	0	44,57	1,033	8,605	0	25,22
	10350	61,63	65,12	67,24	45,63	80,64	54,72	136	17,97	1268	1549		53	3,49	3,49	0	44,19	1,033	8,605	0	25,22
	10400	61,38	64,91	67,02	45,26	80,48	54,36	136,7	18,08	1257	1558		52,64	3,527	3,527	0	43,84	1,033	8,605	0	25,22
	10450	61,1	64,66	66,77	44,88	80,29	53,97	137,3	18,2	1247	1563		52,26	3,564	3,564	0	43,46	1,033	8,605	0	25,22
	10500	60,78	64,38	66,47	44,47	80,07	53,56	138	18,32	1235	1564		51,87	3,602	3,602	0	43,06	1,033	8,605	0	25,22
	10550	60,44	64,08	66,17	44,05	79,83	53,14	138,7	18,43	1224	1564		51,47	3,64	3,64	0	42,66	1,033	8,605	0	25,22
	10600	60,11	63,79	65,87	43,64	79,59	52,73	139,3	18,55	1212	1564		51,07	3,678	3,678	0	42,26	1,033	8,605	0	25,22
	10650	59,85	63,56	65,64	43,29	79,42	52,38	140	18,67	1202	1572		50,73	3,716	3,716	0	41,92	1,033	8,605	0	25,22
	10700	59,6	63,36	65,42	42,94	79,27	52,04	140,6	18,78	1193	1581		50,39	3,755	3,755	0	41,59	1,033	8,605	0	25,22
	10750	59,39	63,19	65,24	42,63	79,16	51,72	141,3	18,9	1184	1594		50,09	3,794	3,794	0	41,28	1,033	8,605	0	25,22
	10800	59,25	63,08	65,14	42,36	79,12	51,45	141,9	19,01	1177	1606		49,83	3,833	3,833	0	41,03	1,033	8,605	0	25,22
	10850	59,17	63,04	65,09	42,14	79,14	51,23	142,6	19,12	1171	1619		49,61	3,873	3,873	0	40,81	1,033	8,605	0	25,22
	10900	59,02	62,93	64,98	41,87	79,09	50,97	143,3	19,23	1163	1619		49,36	3,913	3,913	0	40,55	1,033	8,605	0	25,22
	10950	58,86	62,81	64,86	41,6	79,03	50,69	143,9	19,35	1156	1615		49,09	3,953	3,953	0	40,29	1,033	8,605	0	25,22
	11000	58,5	62,49	64,53	41,2	78,77	50,29	144,6	19,46	1145	1596		48,71	3,993	3,993	0	39,9	1,033	8,605	0	25,22
	11050	58,17	62,2	64,23	40,83	78,53	49,92	145,2	19,58	1134	1579		48,34	4,034	4,034	0	39,54	1,033	8,605	0	25,22
	11100	57,93	62	64,03	40,51	78,39	49,6	145,9	19,7	1125	1571		48,04	4,075	4,075	0	39,23	1,033	8,605	0	25,22
	11150	57,88	61,99	64,01	40,32	78,45	49,41	146,5	19,81	1120	1572		47,86	4,116	4,116	0	39,05	1,033	8,605	0	25,22
	11200	57,96	62,12	64,14	40,22	78,64	49,31	147,2	19,93	1117	1579		47,76	4,157	4,157	0	38,95	1,033	8,605	0	25,22
	11250	57,83	62,03	64,05	39,99	78,61	49,08	147,9	20,04	1111	1570		47,53	4,199	4,199	0	38,73	1,033	8,605	0	25,22
	11300	57,65	61,89	63,91	39,72	78,53	48,81	148,5	20,16	1103	1556		47,27	4,241	4,241	0	38,47	1,033	8,605	0	25,22
	11350	57,45	61,73	63,74	39,45	78,43	48,54	149,2	20,28	1096	1539		47,01	4,284	4,284	0	38,2	1,033	8,605	0	25,22
	11400	57,24	61,57	63,57	39,17	78,33	48,26	149,8	20,4	1088	1521		46,74	4,326	4,326	0	37,93	1,033	8,605	0	25,22
	11450	57,03	61,39	63,4	38,89	78,22	47,98	150,5	20,52	1080	1500		46,46	4,369	4,369	0	37,66	1,033	8,605	0	25,22
	11500	56,74	61,15	63,14	38,56	78,03	47,66	151,1	20,65	1071	1476		46,15	4,413	4,413	0	37,35	1,033	8,605	0	25,22
	11550	56,45	60,9	62,89	38,24	77,84	47,33	151,8	20,78	1062	1453		45,84	4,456	4,456	0	37,04	1,033	8,605	0	25,22
	11600	56,22	60,72	62,7	37,96	77,72	47,06	152,5	20,9	1055	1436		45,57	4,5	4,5	0	36,77	1,033	8,605	0	25,22
	11650	55,94	60,49	62,46	37,66	77,54	46,75	153,1	21,03	1046	1419		45,27	4,544	4,544	0	36,47	1,033	8,605	0	25,22
	11700	55,65	60,23	62,2	37,34	77,34	46,43	153,8	21,16	1037	1402		44,96	4,589	4,589	0	36,16	1,033	8,605	0	25,22
	11750	55,47	60,11	62,06	37,1	77,27	46,19	154,4	21,29	1031	1388		44,73	4,633	4,633	0	35,93	1,033	8,605	0	25,22
	11800	55,32	60	61,96	36,88	77,23	45,97	155,1	21,43	1024	1375		44,52	4,678	4,678	0	35,71	1,033	8,605	0	25,22
	11850	55,19	59,92	61,87	36,67	77,21	45,76	155,7	21,56	1019	1364		44,32	4,724	4,724	0	35,51	1,033	8,605	0	25,22
	11900	55,11	59,88	61,83	36,49	77,23	45,58	156,4	21,69	1014	1358		44,15	4,769	4,769	0	35,34	1,033	8,605	0	25,22
	11950	54,94	59,76	61,7	36,27	77,17	45,36	157,1	21,83	1007	1344		43,93	4,815	4,815	0	35,12	1,033	8,605	0	25,22
	12000	54,76	59,63	61,57	36,04	77,1	45,13	157,7	21,97	1001	1326		43,7	4,861	4,861	0	34,9	1,033	8,605	0	25,22
	12050	54,85	59,76	61,71	35,97	77,31	45,06	158,4	22,11	999,1	1319		43,64	4,908	4,908	0	34,83	1,033	8,605	0	25,22
	12100	54,91	59,87	61,82	35,88	77,48	44,97	159	22,25	996,8	1317		43,56	4,955	4,955	0	34,75	1,033	8,605	0	25,22
	12150	54,84	59,84	61,79	35,72	77,52	44,81	159,7	22,38	992,3	1311		43,4	5,002	5,002	0	34,59	1,033	8,605	0	25,22
	12200	54,41	59,46	61,4	35,35	77,19	44,44	160,3	22,52	981,9	1286		43,04	5,049	5,049	0	34,23	1,033	8,605	0	25,22
	12250	54,15	59,24	61,17	35,07	77,03	44,17	161	22,67	974,3	1268		42,77	5,097	5,097	0	33,97	1,033	8,605	0	25,22
	12300	54,1	59,24	61,17	34,93	77,09	44,02	161,7	22,82	970,3	1261		42,63	5,145	5,145	0	33,83	1,033	8,605	0	25,22
	12350	54,2	59,4	61,33	34,88	77,32	43,97	162,3	22,96	968,9	1263		42,58	5,194	5,194	0	33,78	1,033	8,605	0	25,22
	12400	54,15	59,39	61,33	34,74	77,38	43,83	163	23,11	964,9	1255		42,45	5,242	5,242	0	33,64	1,033	8,605	0	25,22
	12450	54,14	59,43	61,36	34,62	77,48	43,71	163,6	23,25	961,6	1258		42,33	5,291	5,291	0	33,53	1,033	8,605	0	25,22
	12500	54,14	59,48	61,42	34,51	77,6	43,6	164,3	23,4	958,6	1279		42,23	5,341	5,341	0	33,42	1,033	8,605	0	25,22
	12550	54,15	59,54	61,48	34,41	77,72	43,5	164,9	23,54	955,7	1326		42,12	5,39	5,39	0	33,32	1,033	8,605	0	25,22
	12600	54,12	59,56	61,5	34,28	77,81	43,37	165,6	23,66	952,3	1393		42	5,44	5,44	0	33,2	1,033	8,605	0	25,22
	12650	53,98	59,47	61,41	34,1	77,78	43,19	166,3	23,78	947,1	1459		41,82	5,49	5,49	0	33,02	1,033	8,605	0	25,22
	12700	53,6	59,14	61,07	33,77	77,51	42,86	166,9	23,9	938,1	1516		41,51	5,541	5,541	0	32,71	1,033	8,605	0	25,22
	12750	53,01	58,6	60,51	33,34	77,02	42,43	167,6	24,02	926	1557		41,09	5,592	5,592	0	32,28	1,033	8,605	0	25,22
	12800	52,29	57,93	59,82	32,82	76,39	41,91	168,2	24,13	911,8	1588		40,59	5,643	5,643	0	31,79	1,033	8,605	0	25,22
	12850	51,72	57,42	59,29	32,41	75,92	41,5	168,9	24,25	900,2	1604		40,19	5,695	5,695	0	31,38	1,033	8,605	0	25,22
	12900	51,19	56,93	58,79	32,01	75,48	41,1	169,5	24,36	889,1	1615		39,8	5,746	5,746	0	31	1,033	8,605	0	25,22
	12950	50,64	56,44	58,28	31,61	75,04	40,7	170,2	24,47	878,1	1605		39,42	5,799	5,799	0	30,61	1,033	8,605	0	25,22
	13000	50,09	55,95	57,77	31,21	74,6	40,3	170,9	24,59	867	1591		39,03	5,851	5,851	0	30,23	1,033	8,605	0	25,22
	13050	49,53	55,43	57,24	30,81	74,13	39,9	171,5	24,71	855,8	1566		38,64	5,904	5,904	0	29,84	1,033	8,605	0	25,22
