																					
	<<Vitesse moteur>>	Puissance Brute Mesurée	Puissance à la roue	Puissance roue corrigée	Couple corrigé Roue	Puissance corrigée moteur	Couple corrigé moteur	Vitesse véhicule	Temps acquisition Mesure	Force à la Roue	Accélération Linéaire	OBD-PID13 : Vitesse du véhicule	Couple moteur brut	Puissance Pertes Calibrées Totales	Puissance Pertes Calibrées Banc	Puissance Pertes Calibrées Vehicule	Couple brut	Facteur de correction	Rapport de sortie	Rapport Global Dynamique	Facteur de pertes transmission
	tr/min	ch	ch	ch	N.m	ch	N.m	Km/h	s	N	mm/s²	Km/h	N.m	ch	ch	ch	N.m	 	 	 	%
	2000	5,654	5,878	6,053	21,3	8,472	29,75	26,29	-0E-15	593,3	529		28,88	0,2237	0,2237	0	20,68	1,03	8,605	0	24,83
	2050	6,075	6,306	6,494	22,25	8,974	30,74	26,94	0,1682	619,6	775		29,84	0,2309	0,2309	0	21,6	1,03	8,605	0	24,83
	2100	6,497	6,735	6,936	23,2	9,475	31,69	27,6	0,3364	646	1021		30,76	0,2382	0,2382	0	22,52	1,03	8,605	0	24,83
	2150	6,894	7,139	7,353	24,01	9,953	32,5	28,26	0,4772	668,7	1177		31,55	0,2455	0,2455	0	23,31	1,03	8,605	0	24,83
	2200	7,179	7,432	7,654	24,43	10,31	32,93	28,91	0,6152	680,5	1277		31,97	0,253	0,253	0	23,73	1,03	8,605	0	24,83
	2250	7,341	7,602	7,829	24,44	10,55	32,93	29,57	0,7528	680,6	1323		31,97	0,2605	0,2605	0	23,73	1,03	8,605	0	24,83
	2300	7,356	7,624	7,851	23,98	10,63	32,47	30,23	0,9002	667,9	1312		31,52	0,2681	0,2681	0	23,28	1,03	8,605	0	24,83
	2350	7,42	7,696	7,926	23,69	10,77	32,18	30,89	1,044	659,8	1301		31,24	0,2758	0,2758	0	23	1,03	8,605	0	24,83
	2400	7,537	7,821	8,054	23,57	10,96	32,06	31,54	1,186	656,5	1295		31,13	0,2836	0,2836	0	22,89	1,03	8,605	0	24,83
	2450	7,733	8,024	8,264	23,69	11,23	32,18	32,2	1,328	659,8	1302		31,24	0,2915	0,2915	0	23	1,03	8,605	0	24,83
	2500	8,004	8,303	8,551	24,02	11,57	32,51	32,86	1,464	669	1323		31,56	0,2995	0,2995	0	23,32	1,03	8,605	0	24,83
	2550	8,299	8,607	8,864	24,41	11,95	32,9	33,52	1,598	679,9	1346		31,94	0,3076	0,3076	0	23,7	1,03	8,605	0	24,83
	2600	8,615	8,93	9,197	24,84	12,34	33,34	34,17	1,731	691,9	1372		32,36	0,3158	0,3158	0	24,12	1,03	8,605	0	24,83
	2650	8,872	9,196	9,471	25,1	12,68	33,59	34,83	1,86	699	1388		32,61	0,3242	0,3242	0	24,37	1,03	8,605	0	24,83
	2700	9,137	9,469	9,752	25,37	13,02	33,86	35,49	1,99	706,5	1405		32,87	0,3326	0,3326	0	24,63	1,03	8,605	0	24,83
	2750	9,44	9,781	10,07	25,72	13,4	34,22	36,14	2,122	716,5	1429		33,22	0,3411	0,3411	0	24,98	1,03	8,605	0	24,83
	2800	9,942	10,29	10,6	26,57	13,99	35,07	36,8	2,243	740,2	1484		34,04	0,3497	0,3497	0	25,8	1,03	8,605	0	24,83
	2850	10,51	10,87	11,19	27,58	14,64	36,07	37,46	2,361	768	1548		35,02	0,3584	0,3584	0	26,78	1,03	8,605	0	24,83
	2900	11,16	11,53	11,87	28,74	15,38	37,23	38,12	2,467	800,3	1618		36,14	0,3673	0,3673	0	27,9	1,03	8,605	0	24,83
	2950	11,78	12,16	12,52	29,81	16,09	38,31	38,77	2,572	830,3	1682		37,19	0,3762	0,3762	0	28,95	1,03	8,605	0	24,83
	3000	12,31	12,69	13,07	30,59	16,7	39,09	39,43	2,675	852,1	1726		37,95	0,3853	0,3853	0	29,71	1,03	8,605	0	24,83
	3050	12,78	13,18	13,57	31,25	17,26	39,74	40,09	2,777	870,3	1761		38,58	0,3945	0,3945	0	30,34	1,03	8,605	0	24,83
	3100	13,13	13,53	13,93	31,56	17,68	40,06	40,74	2,88	879,1	1776		38,89	0,4038	0,4038	0	30,65	1,03	8,605	0	24,83
	3150	13,49	13,9	14,32	31,93	18,13	40,42	41,4	2,983	889,2	1794		39,24	0,4131	0,4131	0	31	1,03	8,605	0	24,83
	3200	13,91	14,33	14,76	32,38	18,63	40,88	42,06	3,086	901,9	1817		39,68	0,4227	0,4227	0	31,44	1,03	8,605	0	24,83
	3250	14,39	14,82	15,26	32,97	19,19	41,47	42,72	3,185	918,4	1851		40,26	0,4323	0,4323	0	32,02	1,03	8,605	0	24,83
	3300	14,97	15,42	15,88	33,78	19,87	42,27	43,37	3,279	940,7	1903		41,04	0,442	0,442	0	32,8	1,03	8,605	0	24,83
	3350	15,52	15,98	16,45	34,49	20,51	42,99	44,03	3,371	960,6	1949		41,73	0,4519	0,4519	0	33,49	1,03	8,605	0	24,83
	3400	15,97	16,43	16,92	34,94	21,03	43,44	44,69	3,458	973,1	1978		42,17	0,4619	0,4619	0	33,93	1,03	8,605	0	24,83
	3450	16,41	16,88	17,38	35,39	21,56	43,89	45,34	3,544	985,6	2007		42,6	0,4719	0,4719	0	34,36	1,03	8,605	0	24,83
	3500	16,68	17,16	17,68	35,47	21,91	43,97	46	3,638	987,9	2009		42,68	0,4822	0,4822	0	34,44	1,03	8,605	0	24,83
	3550	16,94	17,44	17,96	35,53	22,25	44,02	46,66	3,732	989,5	2008		42,74	0,4925	0,4925	0	34,5	1,03	8,605	0	24,83
	3600	17,18	17,68	18,21	35,52	22,56	44,02	47,32	3,824	989,4	2010		42,73	0,503	0,503	0	34,49	1,03	8,605	0	24,83
	3650	17,4	17,92	18,45	35,5	22,87	44	47,97	3,915	988,8	2012		42,71	0,5135	0,5135	0	34,47	1,03	8,605	0	24,83
	3700	17,55	18,08	18,62	35,34	23,09	43,84	48,63	4,005	984,4	2004		42,56	0,5243	0,5243	0	34,32	1,03	8,605	0	24,83
	3750	17,66	18,19	18,74	35,09	23,27	43,59	49,29	4,095	977,4	1989		42,32	0,5351	0,5351	0	34,08	1,03	8,605	0	24,83
	3800	17,76	18,3	18,85	34,84	23,45	43,34	49,94	4,188	970,3	1972		42,07	0,5461	0,5461	0	33,83	1,03	8,605	0	24,83
	3850	17,84	18,4	18,95	34,57	23,61	43,07	50,6	4,286	962,9	1953		41,81	0,5572	0,5572	0	33,57	1,03	8,605	0	24,83
	3900	17,98	18,54	19,1	34,39	23,82	42,89	51,26	4,382	957,9	1940		41,64	0,5684	0,5684	0	33,4	1,03	8,605	0	24,83
	3950	18,19	18,77	19,33	34,37	24,11	42,87	51,92	4,475	957,3	1938		41,61	0,5797	0,5797	0	33,37	1,03	8,605	0	24,83
	4000	18,42	19,01	19,57	34,37	24,41	42,87	52,57	4,568	957,3	1937		41,61	0,5912	0,5912	0	33,37	1,03	8,605	0	24,83
	4050	18,69	19,3	19,87	34,46	24,77	42,96	53,23	4,662	959,8	1939		41,7	0,6028	0,6028	0	33,46	1,03	8,605	0	24,83
	4100	18,96	19,58	20,16	34,54	25,12	43,03	53,89	4,757	961,9	1941		41,78	0,6145	0,6145	0	33,53	1,03	8,605	0	24,83
	4150	19,11	19,74	20,33	34,41	25,35	42,9	54,54	4,850	958,3	1934		41,65	0,6265	0,6265	0	33,41	1,03	8,605	0	24,83
	4200	19,27	19,9	20,5	34,28	25,58	42,78	55,2	4,942	954,8	1927		41,53	0,6384	0,6384	0	33,29	1,03	8,605	0	24,83
	4250	19,04	19,69	20,28	33,53	25,42	42,02	55,86	5,04	933,8	1883		40,8	0,6506	0,6506	0	32,56	1,03	8,605	0	24,83
	4300	18,79	19,45	20,03	32,73	25,24	41,22	56,52	5,139	911,5	1836		40,02	0,6629	0,6629	0	31,78	1,03	8,605	0	24,83
	4350	18,3	18,97	19,54	31,56	24,8	40,06	57,17	5,249	879	1763		38,89	0,6753	0,6753	0	30,65	1,03	8,605	0	24,83
	4400	17,8	18,49	19,04	30,39	24,36	38,89	57,83	5,362	846,5	1690		37,75	0,6879	0,6879	0	29,51	1,03	8,605	0	24,83
	4450	17,47	18,18	18,72	29,55	24,1	38,04	58,49	5,477	823	1641		36,93	0,7006	0,7006	0	28,69	1,03	8,605	0	24,83
	4500	17,22	17,93	18,47	28,83	23,91	37,32	59,14	5,592	802,9	1600		36,23	0,7135	0,7135	0	27,99	1,03	8,605	0	24,83
	4550	17,08	17,81	18,34	28,32	23,84	36,81	59,8	5,706	788,6	1572		35,73	0,7265	0,7265	0	27,49	1,03	8,605	0	24,83
	4600	17,06	17,8	18,33	27,99	23,89	36,48	60,46	5,824	779,5	1552		35,41	0,7396	0,7396	0	27,17	1,03	8,605	0	24,83
	4650	17,1	17,85	18,38	27,77	24,01	36,26	61,12	5,945	773,4	1537		35,2	0,7529	0,7529	0	26,96	1,03	8,605	0	24,83
	4700	17,26	18,03	18,57	27,75	24,25	36,24	61,77	6,062	772,9	1532		35,19	0,7663	0,7663	0	26,95	1,03	8,605	0	24,83
	4750	17,47	18,25	18,8	27,79	24,54	36,29	62,43	6,18	774,1	1533		35,23	0,7799	0,7799	0	26,99	1,03	8,605	0	24,83
	4800	17,79	18,58	19,14	28	24,94	36,5	63,09	6,301	779,9	1544		35,43	0,7936	0,7936	0	27,19	1,03	8,605	0	24,83
	4850	18,3	19,11	19,68	28,49	25,54	36,98	63,74	6,416	793,5	1575		35,9	0,8075	0,8075	0	27,66	1,03	8,605	0	24,83
	4900	18,94	19,76	20,35	29,17	26,28	37,66	64,4	6,528	812,4	1617		36,56	0,8215	0,8215	0	28,32	1,03	8,605	0	24,83
	4950	19,73	20,56	21,18	30,04	27,16	38,53	65,06	6,634	836,6	1669		37,41	0,8357	0,8357	0	29,17	1,03	8,605	0	24,83
	5000	20,55	21,4	22,04	30,95	28,08	39,45	65,72	6,738	862,1	1724		38,3	0,85	0,85	0	30,06	1,03	8,605	0	24,83
	5050	21,27	22,13	22,79	31,69	28,9	40,19	66,37	6,838	882,7	1768		39,01	0,8646	0,8646	0	30,77	1,03	8,605	0	24,83
	5100	21,98	22,86	23,54	32,41	29,71	40,91	67,03	6,937	902,8	1810		39,71	0,8792	0,8792	0	31,47	1,03	8,605	0	24,83
	5150	22,54	23,44	24,14	32,91	30,37	41,41	67,69	7,035	916,7	1839		40,2	0,894	0,894	0	31,96	1,03	8,605	0	24,83
	5200	23,09	24	24,71	33,38	31	41,88	68,34	7,134	929,7	1867		40,65	0,9089	0,9089	0	32,41	1,03	8,605	0	24,83
	5250	23,72	24,64	25,38	33,95	31,73	42,44	69	7,23	945,5	1899		41,2	0,9241	0,9241	0	32,96	1,03	8,605	0	24,83
	5300	24,37	25,31	26,06	34,53	32,47	43,03	69,66	7,325	961,8	1932		41,77	0,9393	0,9393	0	33,53	1,03	8,605	0	24,83
	5350	25,1	26,06	26,84	35,22	33,31	43,72	70,32	7,416	980,9	1971		42,44	0,9548	0,9548	0	34,2	1,03	8,605	0	24,83
	5400	25,87	26,84	27,64	35,95	34,17	44,44	70,97	7,505	1001	2013		43,14	0,9704	0,9704	0	34,9	1,03	8,605	0	24,83
	5450	26,6	27,59	28,42	36,62	35,01	45,11	71,63	7,592	1020	2052		43,79	0,9861	0,9861	0	35,55	1,03	8,605	0	24,83
	5500	27,32	28,32	29,17	37,25	35,82	45,73	72,29	7,678	1037	2089		44,4	1,002	1,002	0	36,16	1,03	8,605	0	24,83
	5550	27,99	29,01	29,88	37,81	36,59	46,3	72,94	7,763	1053	2123		44,95	1,018	1,018	0	36,71	1,03	8,605	0	24,83
	5600	28,45	29,49	30,38	38,09	37,14	46,58	73,6	7,846	1061	2138		45,22	1,034	1,034	0	36,98	1,03	8,605	0	24,83
	5650	28,92	29,97	30,87	38,37	37,7	46,86	74,26	7,93	1069	2154		45,49	1,051	1,051	0	37,25	1,03	8,605	0	24,83
	5700	29,24	30,3	31,21	38,46	38,1	46,95	74,92	8,015	1071	2159		45,58	1,067	1,067	0	37,34	1,03	8,605	0	24,83
	5750	29,51	30,59	31,51	38,49	38,46	46,98	75,57	8,101	1072	2160		45,61	1,084	1,084	0	37,37	1,03	8,605	0	24,83
	5800	29,77	30,88	31,81	38,51	38,82	47	76,23	8,187	1072	2163		45,63	1,101	1,101	0	37,39	1,03	8,605	0	24,83
	5850	30,03	31,15	32,09	38,52	39,16	47,01	76,89	8,271	1073	2165		45,64	1,118	1,118	0	37,4	1,03	8,605	0	24,83
	5900	30,29	31,43	32,37	38,54	39,5	47,03	77,54	8,354	1073	2168		45,65	1,135	1,135	0	37,41	1,03	8,605	0	24,83
	5950	30,57	31,73	32,68	38,58	39,87	47,07	78,2	8,439	1074	2166		45,69	1,153	1,153	0	37,45	1,03	8,605	0	24,83
	6000	30,86	32,03	32,99	38,62	40,24	47,11	78,86	8,523	1075	2165		45,73	1,17	1,17	0	37,49	1,03	8,605	0	24,83
	6050	31,32	32,5	33,48	38,87	40,79	47,36	79,52	8,607	1082	2175		45,97	1,188	1,188	0	37,73	1,03	8,605	0	24,83
	6100	31,86	33,06	34,06	39,21	41,43	47,7	80,17	8,693	1092	2192		46,31	1,206	1,206	0	38,07	1,03	8,605	0	24,83
	6150	32,42	33,64	34,66	39,57	42,09	48,06	80,83	8,775	1102	2210		46,66	1,224	1,224	0	38,42	1,03	8,605	0	24,83
	6200	33,02	34,26	35,29	39,97	42,78	48,46	81,49	8,853	1113	2233		47,05	1,243	1,243	0	38,81	1,03	8,605	0	24,83
	6250	33,62	34,88	35,93	40,37	43,48	48,86	82,14	8,931	1124	2256		47,43	1,261	1,261	0	39,19	1,03	8,605	0	24,83
	6300	34,05	35,33	36,4	40,58	44,01	49,06	82,8	9,011	1130	2267		47,63	1,28	1,28	0	39,39	1,03	8,605	0	24,83
	6350	34,44	35,74	36,82	40,72	44,49	49,21	83,46	9,092	1134	2274		47,77	1,299	1,299	0	39,53	1,03	8,605	0	24,83
	6400	34,75	36,07	37,16	40,78	44,89	49,26	84,12	9,173	1135	2276		47,82	1,318	1,318	0	39,58	1,03	8,605	0	24,83
	6450	34,87	36,21	37,3	40,62	45,1	49,11	84,77	9,253	1131	2267		47,67	1,337	1,337	0	39,43	1,03	8,605	0	24,83
	6500	35	36,35	37,45	40,46	45,3	48,95	85,43	9,333	1127	2258		47,52	1,356	1,356	0	39,28	1,03	8,605	0	24,83
	6550	34,89	36,26	37,35	40,06	45,27	48,55	86,09	9,417	1115	2233		47,13	1,376	1,376	0	38,89	1,03	8,605	0	24,83
	6600	34,72	36,12	37,2	39,59	45,18	48,08	86,74	9,5	1103	2203		46,68	1,396	1,396	0	38,44	1,03	8,605	0	24,83
	6650	34,44	35,86	36,94	39,02	44,98	47,51	87,4	9,586	1086	2164		46,12	1,416	1,416	0	37,88	1,03	8,605	0	24,83
	6700	34,01	35,44	36,51	38,28	44,61	46,77	88,06	9,674	1066	2110		45,4	1,436	1,436	0	37,16	1,03	8,605	0	24,83
	6750	33,58	35,04	36,09	37,56	44,25	46,04	88,72	9,763	1046	2056		44,7	1,456	1,456	0	36,46	1,03	8,605	0	24,83
	6800	33,2	34,67	35,72	36,9	43,94	45,39	89,37	9,86	1027	2002		44,06	1,477	1,477	0	35,82	1,03	8,605	0	24,83
	6850	32,84	34,34	35,37	36,27	43,65	44,75	90,03	9,958	1010	1951		43,45	1,497	1,497	0	35,21	1,03	8,605	0	24,83
	6900	32,73	34,25	35,28	35,91	43,62	44,4	90,69	10,05	999,9	1920		43,1	1,518	1,518	0	34,86	1,03	8,605	0	24,83
	6950	32,62	34,15	35,18	35,56	43,58	44,04	91,35	10,15	990	1888		42,76	1,539	1,539	0	34,52	1,03	8,605	0	24,83
	7000	32,59	34,15	35,18	35,3	43,64	43,79	92	10,25	982,9	1856		42,51	1,561	1,561	0	34,27	1,03	8,605	0	24,83
	7050	32,57	34,15	35,18	35,05	43,7	43,53	92,66	10,35	975,9	1823		42,26	1,582	1,582	0	34,02	1,03	8,605	0	24,83
	7100	32,89	34,5	35,54	35,15	44,12	43,64	93,32	10,45	978,9	1809		42,37	1,604	1,604	0	34,13	1,03	8,605	0	24,83
	7150	33,24	34,87	35,92	35,28	44,56	43,77	93,97	10,55	982,4	1796		42,49	1,626	1,626	0	34,25	1,03	8,605	0	24,83
	7200	33,86	35,51	36,58	35,68	45,28	44,17	94,63	10,65	993,5	1798		42,88	1,648	1,648	0	34,64	1,03	8,605	0	24,83
	7250	34,48	36,15	37,24	36,08	46	44,56	95,29	10,75	1005	1800		43,26	1,67	1,67	0	35,02	1,03	8,605	0	24,83
	7300	35,13	36,82	37,93	36,49	46,76	44,98	95,95	10,85	1016	1797		43,67	1,693	1,693	0	35,43	1,03	8,605	0	24,83
	7350	35,78	37,5	38,63	36,91	47,51	45,4	96,6	10,96	1028	1795		44,07	1,715	1,715	0	35,83	1,03	8,605	0	24,83
	7400	36,43	38,17	39,32	37,32	48,26	45,81	97,26	11,06	1039	1790		44,47	1,738	1,738	0	36,23	1,03	8,605	0	24,83
	7450	37,1	38,86	40,03	37,74	49,03	46,22	97,92	11,16	1051	1786		44,87	1,762	1,762	0	36,63	1,03	8,605	0	24,83
	7500	37,85	39,64	40,83	38,24	49,9	46,72	98,57	11,26	1065	1783		45,36	1,785	1,785	0	37,12	1,03	8,605	0	24,83
	7550	38,63	40,44	41,65	38,75	50,78	47,24	99,23	11,37	1079	1779		45,86	1,808	1,808	0	37,62	1,03	8,605	0	24,83
	7600	39,48	41,32	42,56	39,33	51,74	47,82	99,89	11,47	1095	1773		46,42	1,832	1,832	0	38,18	1,03	8,605	0	24,83
	7650	40,35	42,21	43,48	39,92	52,73	48,41	100,5	11,57	1112	1769		46,99	1,856	1,856	0	38,75	1,03	8,605	0	24,83
	7700	41,28	43,16	44,46	40,55	53,77	49,04	101,2	11,68	1129	1769		47,61	1,88	1,88	0	39,37	1,03	8,605	0	24,83
	7750	42,3	44,21	45,54	41,27	54,9	49,75	101,9	11,78	1149	1777		48,3	1,905	1,905	0	40,06	1,03	8,605	0	24,83
	7800	43,53	45,46	46,83	42,16	56,25	50,65	102,5	11,88	1174	1803		49,17	1,929	1,929	0	40,93	1,03	8,605	0	24,83
	7850	44,91	46,87	48,28	43,19	57,77	51,68	103,2	11,98	1203	1843		50,17	1,954	1,954	0	41,93	1,03	8,605	0	24,83
	7900	46,61	48,59	50,05	44,49	59,6	52,98	103,8	12,07	1239	1907		51,43	1,979	1,979	0	43,19	1,03	8,605	0	24,83
	7950	48,28	50,28	51,8	45,76	61,4	54,24	104,5	12,17	1274	1972		52,66	2,004	2,004	0	44,42	1,03	8,605	0	24,83
	8000	49,83	51,86	53,42	46,89	63,09	55,38	105,1	12,25	1306	2040		53,76	2,030	2,030	0	45,52	1,03	8,605	0	24,83
	8050	51,39	53,44	55,05	48,03	64,78	56,52	105,8	12,33	1337	2107		54,86	2,055	2,055	0	46,62	1,03	8,605	0	24,83
	8100	52,44	54,52	56,16	48,69	65,95	57,18	106,5	12,41	1356	2149		55,51	2,081	2,081	0	47,27	1,03	8,605	0	24,83
	8150	53,37	55,47	57,14	49,24	66,99	57,73	107,1	12,5	1371	2185		56,04	2,107	2,107	0	47,8	1,03	8,605	0	24,83
	8200	54,12	56,25	57,95	49,63	67,86	58,12	107,8	12,58	1382	2210		56,42	2,134	2,134	0	48,18	1,03	8,605	0	24,83
	8250	54,55	56,71	58,41	49,73	68,38	58,22	108,4	12,66	1385	2215		56,52	2,16	2,16	0	48,28	1,03	8,605	0	24,83
	8300	54,97	57,16	58,88	49,82	68,91	58,31	109,1	12,74	1387	2220		56,61	2,187	2,187	0	48,37	1,03	8,605	0	24,83
	8350	55,24	57,45	59,18	49,78	69,27	58,27	109,7	12,83	1386	2215		56,57	2,214	2,214	0	48,33	1,03	8,605	0	24,83
	8400	55,5	57,74	59,48	49,73	69,63	58,22	110,4	12,91	1385	2209		56,52	2,241	2,241	0	48,28	1,03	8,605	0	24,83
	8450	55,7	57,97	59,71	49,63	69,93	58,12	111,1	12,99	1382	2203		56,42	2,269	2,269	0	48,18	1,03	8,605	0	24,83
	8500	55,85	58,15	59,9	49,5	70,17	57,99	111,7	13,08	1378	2197		56,29	2,296	2,296	0	48,05	1,03	8,605	0	24,83
	8550	55,98	58,3	60,06	49,34	70,39	57,83	112,4	13,16	1374	2189		56,14	2,324	2,324	0	47,9	1,03	8,605	0	24,83
	8600	55,94	58,29	60,05	49,04	70,44	57,53	113	13,25	1366	2174		55,85	2,352	2,352	0	47,61	1,03	8,605	0	24,83
	8650	55,9	58,28	60,04	48,75	70,49	57,24	113,7	13,33	1357	2159		55,57	2,381	2,381	0	47,33	1,03	8,605	0	24,83
	8700	55,51	57,92	59,66	48,17	70,17	56,66	114,3	13,42	1341	2091		55	2,409	2,409	0	46,76	1,03	8,605	0	24,83
	8750	55	57,44	59,17	47,5	69,74	55,98	115	13,5	1323	2006		54,35	2,438	2,438	0	46,11	1,03	8,605	0	24,83
	8800	54,27	56,74	58,45	46,65	69,08	55,14	115,7	13,61	1299	1846		53,53	2,467	2,467	0	45,29	1,03	8,605	0	24,83
	8850	53,32	55,81	57,49	45,63	68,19	54,12	116,3	13,73	1271	1610		52,54	2,496	2,496	0	44,3	1,03	8,605	0	24,83
	8900	55,93	58,46	60,22	47,52	70,97	56,01	117	13,89	1323	1242		54,37	2,526	2,526	0	46,13	1,03	8,605	0	24,83
	8950	57,89	60,44	62,26	48,86	73,08	57,35	117,6	14,14	1361	798,6		55,67	2,556	2,556	0	47,43	1,03	8,605	0	24,83
	9000	57,95	60,54	62,36	48,67	73,24	57,16	118,3	14,41	1355	633,1		55,49	2,586	2,586	0	47,25	1,03	8,605	0	24,83
	9050	57,73	60,35	62,16	48,24	73,1	56,73	118,9	14,67	1343	713,4		55,07	2,616	2,616	0	46,83	1,03	8,605	0	24,83
	9100	58,02	60,67	62,49	48,23	73,49	56,72	119,6	14,87	1343	861		55,06	2,646	2,646	0	46,82	1,03	8,605	0	24,83
	9150	58,09	60,77	62,6	48,05	73,66	56,54	120,3	15,05	1338	993,9		54,89	2,677	2,677	0	46,65	1,03	8,605	0	24,83
	9200	58,06	60,77	62,6	47,79	73,71	56,28	120,9	15,21	1331	1106		54,63	2,708	2,708	0	46,39	1,03	8,605	0	24,83
	9250	58,03	60,77	62,6	47,53	73,78	56,02	121,6	15,37	1324	1208		54,38	2,739	2,739	0	46,14	1,03	8,605	0	24,83
	9300	58,25	61,02	62,86	47,47	74,1	55,96	122,2	15,5	1322	1299		54,32	2,771	2,771	0	46,08	1,03	8,605	0	24,83
	9350	58,3	61,1	62,94	47,28	74,24	55,77	122,9	15,63	1316	1366		54,14	2,802	2,802	0	45,9	1,03	8,605	0	24,83
	9400	58,25	61,09	62,93	47,02	74,29	55,51	123,5	15,76	1309	1418		53,88	2,834	2,834	0	45,64	1,03	8,605	0	24,83
	9450	58,26	61,13	62,97	46,8	74,39	55,29	124,2	15,88	1303	1459		53,67	2,867	2,867	0	45,43	1,03	8,605	0	24,83
	9500	58,41	61,31	63,16	46,69	74,64	55,18	124,9	16,01	1300	1499		53,57	2,899	2,899	0	45,33	1,03	8,605	0	24,83
	9550	58,7	61,63	63,49	46,69	75,03	55,18	125,5	16,12	1300	1540		53,57	2,932	2,932	0	45,33	1,03	8,605	0	24,83
	9600	58,97	61,93	63,8	46,68	75,4	55,16	126,2	16,24	1300	1567		53,55	2,965	2,965	0	45,31	1,03	8,605	0	24,83
	9650	59,23	62,22	64,1	46,65	75,76	55,14	126,8	16,35	1299	1589		53,53	2,998	2,998	0	45,29	1,03	8,605	0	24,83
	9700	59,44	62,47	64,35	46,59	76,07	55,08	127,5	16,47	1297	1597		53,47	3,031	3,031	0	45,23	1,03	8,605	0	24,83
	9750	59,66	62,73	64,62	46,55	76,4	55,04	128,1	16,58	1296	1604		53,43	3,065	3,065	0	45,19	1,03	8,605	0	24,83
	9800	59,94	63,04	64,94	46,54	76,78	55,03	128,8	16,69	1296	1612		53,42	3,099	3,099	0	45,18	1,03	8,605	0	24,83
	9850	60,26	63,4	65,31	46,57	77,21	55,05	129,5	16,81	1297	1621		53,45	3,133	3,133	0	45,21	1,03	8,605	0	24,83
	9900	60,64	63,8	65,73	46,63	77,69	55,12	130,1	16,92	1298	1632		53,51	3,168	3,168	0	45,27	1,03	8,605	0	24,83
	9950	60,95	64,15	66,08	46,65	78,11	55,14	130,8	17,03	1299	1639		53,52	3,202	3,202	0	45,28	1,03	8,605	0	24,83
	10000	61,24	64,48	66,42	46,65	78,5	55,14	131,4	17,14	1299	1643		53,53	3,237	3,237	0	45,29	1,03	8,605	0	24,83
	10050	61,4	64,67	66,62	46,56	78,76	55,05	132,1	17,25	1296	1638		53,44	3,273	3,273	0	45,2	1,03	8,605	0	24,83
	10100	61,53	64,84	66,79	46,45	79	54,94	132,7	17,36	1293	1632		53,33	3,308	3,308	0	45,09	1,03	8,605	0	24,83
	10150	61,6	64,95	66,9	46,29	79,17	54,78	133,4	17,48	1289	1623		53,18	3,344	3,344	0	44,94	1,03	8,605	0	24,83
	10200	61,68	65,06	67,02	46,15	79,35	54,64	134,1	17,59	1285	1614		53,04	3,38	3,38	0	44,8	1,03	8,605	0	24,83
	10250	61,78	65,19	67,16	46,02	79,54	54,5	134,7	17,7	1281	1607		52,91	3,416	3,416	0	44,67	1,03	8,605	0	24,83
	10300	61,9	65,35	67,32	45,9	79,77	54,39	135,4	17,82	1278	1599		52,8	3,453	3,453	0	44,56	1,03	8,605	0	24,83
	10350	62,03	65,52	67,49	45,8	80	54,29	136	17,93	1275	1593		52,7	3,49	3,49	0	44,46	1,03	8,605	0	24,83
	10400	62,01	65,54	67,51	45,59	80,08	54,08	136,7	18,05	1270	1584		52,5	3,527	3,527	0	44,26	1,03	8,605	0	24,83
	10450	61,94	65,5	67,47	45,35	80,1	53,84	137,3	18,17	1263	1576		52,27	3,564	3,564	0	44,03	1,03	8,605	0	24,83
	10500	61,72	65,32	67,29	45,01	79,98	53,5	138	18,28	1253	1568		51,93	3,602	3,602	0	43,69	1,03	8,605	0	24,83
	10550	61,47	65,11	67,07	44,65	79,82	53,14	138,7	18,4	1243	1561		51,59	3,64	3,64	0	43,35	1,03	8,605	0	24,83
	10600	61,19	64,87	66,83	44,28	79,64	52,77	139,3	18,52	1233	1555		51,23	3,678	3,678	0	42,98	1,03	8,605	0	24,83
	10650	60,94	64,66	66,6	43,93	79,48	52,41	140	18,63	1223	1554		50,88	3,716	3,716	0	42,64	1,03	8,605	0	24,83
	10700	60,7	64,45	66,39	43,58	79,32	52,07	140,6	18,75	1213	1555		50,55	3,755	3,755	0	42,31	1,03	8,605	0	24,83
	10750	60,41	64,2	66,13	43,21	79,13	51,7	141,3	18,87	1203	1561		50,19	3,794	3,794	0	41,95	1,03	8,605	0	24,83
	10800	60,08	63,91	65,84	42,82	78,89	51,3	141,9	18,98	1192	1565		49,81	3,833	3,833	0	41,56	1,03	8,605	0	24,83
	10850	59,66	63,54	65,45	42,37	78,56	50,86	142,6	19,1	1180	1564		49,37	3,873	3,873	0	41,13	1,03	8,605	0	24,83
	10900	59,25	63,16	65,06	41,93	78,24	50,41	143,3	19,22	1167	1563		48,94	3,913	3,913	0	40,7	1,03	8,605	0	24,83
	10950	58,84	62,79	64,68	41,49	77,91	49,97	143,9	19,34	1155	1560		48,51	3,953	3,953	0	40,27	1,03	8,605	0	24,83
	11000	58,64	62,63	64,51	41,19	77,81	49,68	144,6	19,45	1147	1572		48,23	3,993	3,993	0	39,99	1,03	8,605	0	24,83
	11050	58,47	62,51	64,39	40,93	77,74	49,41	145,2	19,57	1140	1585		47,97	4,034	4,034	0	39,73	1,03	8,605	0	24,83
	11100	58,37	62,44	64,32	40,7	77,74	49,19	145,9	19,68	1133	1593		47,75	4,075	4,075	0	39,51	1,03	8,605	0	24,83
	11150	58,17	62,29	64,16	40,42	77,64	48,91	146,5	19,79	1125	1593		47,48	4,116	4,116	0	39,24	1,03	8,605	0	24,83
	11200	57,83	61,99	63,85	40,04	77,39	48,53	147,2	19,91	1115	1579		47,11	4,157	4,157	0	38,87	1,03	8,605	0	24,83
	11250	57,64	61,84	63,7	39,77	77,29	48,26	147,9	20,03	1107	1574		46,85	4,199	4,199	0	38,61	1,03	8,605	0	24,83
	11300	57,52	61,76	63,62	39,54	77,28	48,03	148,5	20,15	1101	1573		46,63	4,241	4,241	0	38,39	1,03	8,605	0	24,83
	11350	57,36	61,64	63,5	39,3	77,22	47,78	149,2	20,26	1094	1567		46,39	4,284	4,284	0	38,15	1,03	8,605	0	24,83
	11400	57,16	61,49	63,34	39,02	77,12	47,51	149,8	20,37	1087	1558		46,12	4,326	4,326	0	37,88	1,03	8,605	0	24,83
	11450	56,8	61,17	63,01	38,65	76,85	47,14	150,5	20,5	1076	1541		45,76	4,369	4,369	0	37,52	1,03	8,605	0	24,83
	11500	56,48	60,9	62,73	38,31	76,63	46,8	151,1	20,62	1067	1522		45,43	4,413	4,413	0	37,19	1,03	8,605	0	24,83
	11550	56,2	60,65	62,48	37,99	76,44	46,48	151,8	20,73	1058	1503		45,12	4,456	4,456	0	36,88	1,03	8,605	0	24,83
	11600	55,87	60,37	62,19	37,66	76,21	46,14	152,5	20,86	1049	1476		44,8	4,5	4,5	0	36,55	1,03	8,605	0	24,83
	11650	55,59	60,13	61,94	37,35	76,02	45,83	153,1	20,99	1040	1451		44,49	4,544	4,544	0	36,25	1,03	8,605	0	24,83
	11700	55,4	59,99	61,8	37,1	75,94	45,59	153,8	21,12	1033	1432		44,25	4,589	4,589	0	36,01	1,03	8,605	0	24,83
	11750	55,37	60	61,81	36,95	76,01	45,44	154,4	21,25	1029	1421		44,11	4,633	4,633	0	35,87	1,03	8,605	0	24,83
	11800	55,39	60,07	61,88	36,83	76,14	45,32	155,1	21,38	1026	1413		43,99	4,678	4,678	0	35,75	1,03	8,605	0	24,83
	11850	55,41	60,14	61,95	36,72	76,27	45,2	155,7	21,5	1022	1403		43,88	4,724	4,724	0	35,64	1,03	8,605	0	24,83
	11900	55,25	60,02	61,83	36,49	76,21	44,98	156,4	21,64	1016	1386		43,67	4,769	4,769	0	35,43	1,03	8,605	0	24,83
	11950	55,03	59,84	61,64	36,23	76,09	44,72	157,1	21,77	1009	1368		43,41	4,815	4,815	0	35,17	1,03	8,605	0	24,83
	12000	54,96	59,83	61,63	36,07	76,13	44,56	157,7	21,91	1004	1366		43,26	4,862	4,862	0	35,02	1,03	8,605	0	24,83
	12050	54,8	59,71	61,51	35,85	76,07	44,34	158,4	22,04	998,2	1355		43,04	4,908	4,908	0	34,8	1,03	8,605	0	24,83
	12100	54,62	59,57	61,37	35,62	75,99	44,11	159	22,17	991,9	1339		42,82	4,955	4,955	0	34,58	1,03	8,605	0	24,83
	12150	54,59	59,59	61,38	35,48	76,07	43,97	159,7	22,32	988	1322		42,69	5,002	5,002	0	34,45	1,03	8,605	0	24,83
	12200	54,88	59,93	61,73	35,54	76,48	44,03	160,3	22,46	989,6	1322		42,74	5,049	5,049	0	34,5	1,03	8,605	0	24,83
	12250	55,16	60,26	62,07	35,59	76,88	44,08	161	22,59	991	1325		42,79	5,097	5,097	0	34,55	1,03	8,605	0	24,83
	12300	55,23	60,37	62,19	35,51	77,06	44	161,7	22,73	988,8	1321		42,71	5,145	5,145	0	34,47	1,03	8,605	0	24,83
	12350	55,08	60,27	62,08	35,31	77,01	43,8	162,3	22,87	983,2	1304		42,52	5,194	5,194	0	34,28	1,03	8,605	0	24,83
	12400	54,82	60,06	61,87	35,04	76,86	43,53	163	23,01	975,8	1283		42,26	5,242	5,242	0	34,02	1,03	8,605	0	24,83
	12450	54,49	59,78	61,58	34,74	76,62	43,23	163,6	23,16	967,3	1259		41,96	5,291	5,291	0	33,72	1,03	8,605	0	24,83
	12500	54,19	59,53	61,33	34,46	76,43	42,95	164,3	23,31	959,5	1247		41,69	5,341	5,341	0	33,45	1,03	8,605	0	24,83
	12550	54,22	59,61	61,41	34,37	76,57	42,85	164,9	23,45	956,9	1250		41,6	5,39	5,39	0	33,36	1,03	8,605	0	24,83
	12600	54,45	59,89	61,69	34,39	76,92	42,88	165,6	23,6	957,6	1267		41,62	5,44	5,44	0	33,38	1,03	8,605	0	24,83
	12650	54,84	60,33	62,14	34,5	77,43	42,99	166,3	23,74	960,7	1304		41,73	5,49	5,49	0	33,49	1,03	8,605	0	24,83
	12700	54,98	60,52	62,34	34,48	77,69	42,97	166,9	23,87	960,1	1361		41,71	5,541	5,541	0	33,47	1,03	8,605	0	24,83
	12750	54,83	60,42	62,24	34,29	77,65	42,77	167,6	23,99	954,7	1421		41,52	5,592	5,592	0	33,28	1,03	8,605	0	24,83
	12800	54,19	59,83	61,63	33,82	77,1	42,31	168,2	24,11	941,7	1480		41,07	5,643	5,643	0	32,83	1,03	8,605	0	24,83
	12850	53,17	58,86	60,64	33,14	76,17	41,63	168,9	24,23	922,9	1522		40,42	5,695	5,695	0	32,18	1,03	8,605	0	24,83
	12900	51,99	57,74	59,48	32,38	75,07	40,87	169,5	24,35	901,7	1556		39,68	5,746	5,746	0	31,44	1,03	8,605	0	24,83
	12950	51,01	56,81	58,52	31,74	74,17	40,23	170,2	24,46	883,8	1565		39,05	5,799	5,799	0	30,81	1,03	8,605	0	24,83
	13000	50,19	56,04	57,72	31,19	73,43	39,68	170,9	24,58	868,4	1571		38,52	5,851	5,851	0	30,28	1,03	8,605	0	24,83
	13050	49,74	55,65	57,32	30,85	73,09	39,34	171,5	24,7	859,1	1570		38,19	5,904	5,904	0	29,95	1,03	8,605	0	24,83
