																					
	<<Vitesse moteur>>	Puissance Brute Mesurée	Puissance à la roue	Puissance roue corrigée	Couple corrigé Roue	Puissance corrigée moteur	Couple corrigé moteur	Vitesse véhicule	Temps acquisition Mesure	Force à la Roue	Accélération Linéaire	OBD-PID13 : Vitesse du véhicule	Couple moteur brut	Puissance Pertes Calibrées Totales	Puissance Pertes Calibrées Banc	Puissance Pertes Calibrées Vehicule	Couple brut	Facteur de correction	Rapport de sortie	Rapport Global Dynamique	Facteur de pertes transmission
	tr/min	ch	ch	ch	N.m	ch	N.m	Km/h	s	N	mm/s²	Km/h	N.m	ch	ch	ch	N.m	 	 	 	%
	2000	4,207	4,431	4,572	16,11	6,957	24,43	26,29	2,267E-7	447,7	840,9		23,67	0,2236	0,2236	0	15,61	1,032	8,605	0	24,66
	2050	4,459	4,69	4,84	16,59	7,284	24,95	26,94	0,2033	461,2	872		24,17	0,2309	0,2309	0	16,08	1,032	8,605	0	24,66
	2100	4,711	4,949	5,107	17,08	7,611	25,45	27,6	0,4065	474,7	903		24,66	0,2382	0,2382	0	16,55	1,032	8,605	0	24,66
	2150	4,979	5,224	5,391	17,61	7,955	25,98	28,26	0,6071	489,4	937,7		25,17	0,2455	0,2455	0	17,06	1,032	8,605	0	24,66
	2200	5,317	5,57	5,747	18,34	8,371	26,72	28,91	0,7947	509,8	988,1		25,88	0,2529	0,2529	0	17,77	1,032	8,605	0	24,66
	2250	5,728	5,989	6,18	19,28	8,863	27,66	29,57	0,9656	536	1054		26,8	0,2605	0,2605	0	18,69	1,032	8,605	0	24,66
	2300	6,162	6,43	6,635	20,26	9,378	28,64	30,23	1,126	563,2	1120		27,74	0,2681	0,2681	0	19,63	1,032	8,605	0	24,66
	2350	6,552	6,828	7,046	21,05	9,848	29,43	30,89	1,279	585,2	1170		28,51	0,2758	0,2758	0	20,4	1,032	8,605	0	24,66
	2400	6,858	7,141	7,369	21,56	10,23	29,94	31,54	1,43	599,3	1200		29	0,2836	0,2836	0	20,9	1,032	8,605	0	24,66
	2450	7,099	7,391	7,627	21,86	10,55	30,24	32,2	1,58	607,7	1217		29,3	0,2915	0,2915	0	21,19	1,032	8,605	0	24,66
	2500	7,286	7,586	7,828	21,99	10,81	30,37	32,86	1,731	611,3	1221		29,42	0,2995	0,2995	0	21,31	1,032	8,605	0	24,66
	2550	7,423	7,731	7,978	21,97	11,02	30,35	33,52	1,881	610,8	1218		29,4	0,3076	0,3076	0	21,29	1,032	8,605	0	24,66
	2600	7,633	7,949	8,202	22,16	11,3	30,53	34,17	2,033	615,8	1228		29,58	0,3158	0,3158	0	21,47	1,032	8,605	0	24,66
	2650	7,935	8,26	8,523	22,58	11,68	30,96	34,83	2,179	627,8	1254		29,99	0,3241	0,3241	0	21,89	1,032	8,605	0	24,66
	2700	8,327	8,66	8,936	23,25	12,16	31,62	35,49	2,318	646,1	1294		30,64	0,3325	0,3325	0	22,53	1,032	8,605	0	24,66
	2750	8,849	9,19	9,483	24,21	12,76	32,59	36,14	2,451	673	1352		31,57	0,3411	0,3411	0	23,46	1,032	8,605	0	24,66
	2800	9,406	9,756	10,07	25,24	13,41	33,62	36,8	2,578	701,6	1416		32,57	0,3497	0,3497	0	24,46	1,032	8,605	0	24,66
	2850	10	10,36	10,69	26,34	14,09	34,72	37,46	2,699	732,1	1484		33,63	0,3584	0,3584	0	25,52	1,032	8,605	0	24,66
	2900	10,58	10,94	11,29	27,33	14,75	35,71	38,12	2,813	759,8	1545		34,6	0,3673	0,3673	0	26,49	1,032	8,605	0	24,66
	2950	11,14	11,52	11,88	28,29	15,4	36,67	38,77	2,925	786,5	1604		35,53	0,3762	0,3762	0	27,42	1,032	8,605	0	24,66
	3000	11,63	12,02	12,4	29,02	15,98	37,4	39,43	3,034	806,7	1642		36,23	0,3853	0,3853	0	28,12	1,032	8,605	0	24,66
	3050	12,11	12,51	12,91	29,72	16,55	38,1	40,09	3,142	826,1	1678		36,91	0,3944	0,3944	0	28,8	1,032	8,605	0	24,66
	3100	12,56	12,97	13,38	30,31	17,08	38,69	40,74	3,249	842,5	1705		37,48	0,4037	0,4037	0	29,37	1,032	8,605	0	24,66
	3150	13,01	13,43	13,86	30,89	17,61	39,27	41,4	3,355	858,6	1734		38,04	0,4131	0,4131	0	29,93	1,032	8,605	0	24,66
	3200	13,46	13,89	14,33	31,44	18,15	39,82	42,06	3,458	874	1765		38,58	0,4227	0,4227	0	30,47	1,032	8,605	0	24,66
	3250	13,94	14,37	14,83	32,05	18,71	40,42	42,72	3,559	890,8	1803		39,16	0,4323	0,4323	0	31,05	1,032	8,605	0	24,66
	3300	14,46	14,9	15,37	32,71	19,31	41,09	43,37	3,657	909,3	1850		39,81	0,442	0,442	0	31,7	1,032	8,605	0	24,66
	3350	14,97	15,42	15,92	33,36	19,91	41,74	44,03	3,752	927,3	1894		40,44	0,4519	0,4519	0	32,33	1,032	8,605	0	24,66
	3400	15,48	15,94	16,45	33,98	20,51	42,36	44,69	3,842	944,5	1933		41,04	0,4619	0,4619	0	32,93	1,032	8,605	0	24,66
	3450	15,98	16,45	16,97	34,55	21,09	42,93	45,34	3,932	960,5	1969		41,59	0,4719	0,4719	0	33,49	1,032	8,605	0	24,66
	3500	16,38	16,87	17,41	34,92	21,58	43,3	46	4,024	970,7	1986		41,95	0,4822	0,4822	0	33,84	1,032	8,605	0	24,66
	3550	16,79	17,28	17,84	35,29	22,07	43,67	46,66	4,116	980,9	2003		42,31	0,4925	0,4925	0	34,2	1,032	8,605	0	24,66
	3600	17,08	17,59	18,15	35,4	22,44	43,78	47,32	4,207	984,1	2010		42,42	0,503	0,503	0	34,31	1,032	8,605	0	24,66
	3650	17,37	17,89	18,46	35,52	22,81	43,89	47,97	4,298	987,2	2017		42,53	0,5135	0,5135	0	34,42	1,032	8,605	0	24,66
	3700	17,53	18,05	18,63	35,36	23,04	43,74	48,63	4,388	982,9	2007		42,38	0,5243	0,5243	0	34,27	1,032	8,605	0	24,66
	3750	17,64	18,18	18,76	35,14	23,23	43,51	49,29	4,479	976,6	1992		42,16	0,5351	0,5351	0	34,05	1,032	8,605	0	24,66
	3800	17,73	18,28	18,86	34,86	23,39	43,24	49,94	4,573	969,1	1975		41,89	0,5461	0,5461	0	33,78	1,032	8,605	0	24,66
	3850	17,8	18,36	18,94	34,56	23,53	42,94	50,6	4,671	960,6	1956		41,6	0,5571	0,5571	0	33,49	1,032	8,605	0	24,66
	3900	17,94	18,51	19,1	34,4	23,75	42,78	51,26	4,766	956,2	1946		41,45	0,5684	0,5684	0	33,34	1,032	8,605	0	24,66
	3950	18,16	18,74	19,34	34,38	24,05	42,76	51,92	4,858	955,7	1945		41,43	0,5797	0,5797	0	33,32	1,032	8,605	0	24,66
	4000	18,4	18,99	19,59	34,4	24,37	42,78	52,57	4,951	956,3	1946		41,45	0,5912	0,5912	0	33,34	1,032	8,605	0	24,66
	4050	18,67	19,28	19,89	34,49	24,72	42,87	53,23	5,044	958,8	1949		41,54	0,6028	0,6028	0	33,43	1,032	8,605	0	24,66
	4100	18,93	19,54	20,17	34,55	25,06	42,93	53,89	5,138	960,4	1951		41,59	0,6145	0,6145	0	33,48	1,032	8,605	0	24,66
	4150	19,12	19,75	20,38	34,49	25,33	42,86	54,54	5,231	958,6	1949		41,53	0,6265	0,6265	0	33,42	1,032	8,605	0	24,66
	4200	19,29	19,93	20,57	34,39	25,58	42,77	55,2	5,324	956	1946		41,44	0,6384	0,6384	0	33,33	1,032	8,605	0	24,66
	4250	19,23	19,88	20,52	33,92	25,59	42,29	55,86	5,419	942,7	1916		40,98	0,6506	0,6506	0	32,87	1,032	8,605	0	24,66
	4300	19,17	19,84	20,47	33,44	25,6	41,82	56,52	5,514	929,4	1885		40,51	0,6629	0,6629	0	32,4	1,032	8,605	0	24,66
	4350	18,94	19,62	20,24	32,69	25,43	41,07	57,17	5,62	908,8	1836		39,79	0,6754	0,6754	0	31,68	1,032	8,605	0	24,66
	4400	18,71	19,4	20,02	31,95	25,27	40,33	57,83	5,726	888,2	1787		39,07	0,6879	0,6879	0	30,96	1,032	8,605	0	24,66
	4450	18,55	19,25	19,86	31,36	25,17	39,73	58,49	5,831	871,6	1755		38,5	0,7006	0,7006	0	30,39	1,032	8,605	0	24,66
	4500	18,42	19,13	19,74	30,82	25,11	39,2	59,14	5,937	856,6	1725		37,97	0,7134	0,7134	0	29,86	1,032	8,605	0	24,66
	4550	18,45	19,17	19,79	30,55	25,21	38,92	59,8	6,045	849	1711		37,71	0,7265	0,7265	0	29,6	1,032	8,605	0	24,66
	4600	18,53	19,27	19,89	30,37	25,38	38,74	60,46	6,152	844,1	1702		37,54	0,7396	0,7396	0	29,43	1,032	8,605	0	24,66
	4650	18,74	19,49	20,12	30,38	25,66	38,76	61,12	6,258	844,5	1702		37,55	0,7529	0,7529	0	29,44	1,032	8,605	0	24,66
	4700	18,98	19,75	20,38	30,45	25,98	38,83	61,77	6,364	846,4	1704		37,62	0,7663	0,7663	0	29,51	1,032	8,605	0	24,66
	4750	19,26	20,04	20,68	30,58	26,35	38,96	62,43	6,471	850,1	1708		37,75	0,7799	0,7799	0	29,64	1,032	8,605	0	24,66
	4800	19,62	20,41	21,06	30,82	26,79	39,2	63,09	6,577	856,7	1718		37,98	0,7936	0,7936	0	29,87	1,032	8,605	0	24,66
	4850	20,03	20,84	21,5	31,14	27,29	39,52	63,74	6,683	865,5	1734		38,29	0,8075	0,8075	0	30,18	1,032	8,605	0	24,66
	4900	20,54	21,37	22,05	31,6	27,89	39,98	64,4	6,786	878,3	1762		38,73	0,8216	0,8216	0	30,62	1,032	8,605	0	24,66
	4950	21,1	21,94	22,64	32,12	28,55	40,5	65,06	6,887	892,9	1795		39,24	0,8357	0,8357	0	31,13	1,032	8,605	0	24,66
	5000	21,66	22,51	23,23	32,62	29,19	41	65,72	6,984	906,8	1826		39,72	0,8501	0,8501	0	31,61	1,032	8,605	0	24,66
	5050	22,21	23,08	23,81	33,12	29,84	41,49	66,37	7,08	920,5	1856		40,2	0,8645	0,8645	0	32,09	1,032	8,605	0	24,66
	5100	22,76	23,64	24,39	33,59	30,47	41,96	67,03	7,176	933,5	1883		40,66	0,8792	0,8792	0	32,55	1,032	8,605	0	24,66
	5150	23,3	24,19	24,96	34,04	31,11	42,42	67,69	7,273	946,2	1908		41,1	0,894	0,894	0	32,99	1,032	8,605	0	24,66
	5200	23,85	24,76	25,55	34,5	31,75	42,88	68,34	7,367	959	1935		41,54	0,909	0,909	0	33,43	1,032	8,605	0	24,66
	5250	24,41	25,34	26,14	34,97	32,41	43,35	69	7,458	972,1	1964		42	0,9241	0,9241	0	33,89	1,032	8,605	0	24,66
	5300	25	25,94	26,76	35,46	33,09	43,84	69,66	7,549	985,7	1993		42,48	0,9393	0,9393	0	34,37	1,032	8,605	0	24,66
	5350	25,62	26,57	27,42	35,99	33,8	44,37	70,32	7,639	1000	2025		42,99	0,9548	0,9548	0	34,88	1,032	8,605	0	24,66
	5400	26,24	27,21	28,08	36,52	34,52	44,9	70,97	7,728	1015	2056		43,5	0,9703	0,9703	0	35,39	1,032	8,605	0	24,66
	5450	26,86	27,85	28,74	37,03	35,24	45,4	71,63	7,813	1029	2084		43,99	0,9862	0,9862	0	35,88	1,032	8,605	0	24,66
	5500	27,48	28,48	29,39	37,53	35,95	45,91	72,29	7,898	1043	2112		44,48	1,002	1,002	0	36,37	1,032	8,605	0	24,66
	5550	27,98	28,99	29,92	37,86	36,54	46,24	72,94	7,983	1052	2128		44,8	1,018	1,018	0	36,69	1,032	8,605	0	24,66
	5600	28,43	29,47	30,41	38,14	37,09	46,51	73,6	8,068	1060	2141		45,06	1,034	1,034	0	36,96	1,032	8,605	0	24,66
	5650	28,86	29,91	30,86	38,37	37,6	46,74	74,26	8,153	1066	2152		45,29	1,051	1,051	0	37,18	1,032	8,605	0	24,66
	5700	29,24	30,3	31,27	38,53	38,07	46,91	74,92	8,238	1071	2162		45,45	1,067	1,067	0	37,34	1,032	8,605	0	24,66
	5750	29,62	30,7	31,68	38,7	38,54	47,08	75,57	8,323	1076	2173		45,61	1,084	1,084	0	37,5	1,032	8,605	0	24,66
	5800	30,03	31,13	32,13	38,9	39,05	47,28	76,23	8,405	1081	2186		45,81	1,101	1,101	0	37,7	1,032	8,605	0	24,66
	5850	30,44	31,56	32,57	39,1	39,55	47,48	76,89	8,487	1087	2200		46	1,118	1,118	0	37,89	1,032	8,605	0	24,66
	5900	30,82	31,95	32,98	39,25	40,01	47,63	77,54	8,569	1091	2203		46,15	1,135	1,135	0	38,04	1,032	8,605	0	24,66
	5950	31,17	32,33	33,36	39,37	40,46	47,75	78,2	8,651	1094	2200		46,27	1,153	1,153	0	38,16	1,032	8,605	0	24,66
	6000	31,54	32,71	33,76	39,51	40,92	47,89	78,86	8,734	1098	2196		46,4	1,17	1,17	0	38,29	1,032	8,605	0	24,66
	6050	31,98	33,17	34,23	39,73	41,45	48,11	79,52	8,82	1104	2186		46,61	1,188	1,188	0	38,5	1,032	8,605	0	24,66
	6100	32,42	33,62	34,7	39,95	41,98	48,33	80,17	8,906	1110	2176		46,82	1,206	1,206	0	38,71	1,032	8,605	0	24,66
	6150	32,92	34,14	35,23	40,23	42,57	48,61	80,83	8,99	1118	2159		47,1	1,224	1,224	0	38,99	1,032	8,605	0	24,66
	6200	33,42	34,67	35,77	40,52	43,17	48,9	81,49	9,073	1126	2142		47,38	1,243	1,243	0	39,27	1,032	8,605	0	24,66
	6250	33,84	35,1	36,22	40,7	43,68	49,08	82,14	9,16	1131	2105		47,55	1,261	1,261	0	39,44	1,032	8,605	0	24,66
	6300	34,15	35,43	36,56	40,76	44,08	49,14	82,8	9,251	1133	2048		47,61	1,28	1,28	0	39,5	1,032	8,605	0	24,66
	6350	34,4	35,7	36,84	40,74	44,41	49,12	83,46	9,344	1133	1981		47,59	1,299	1,299	0	39,48	1,032	8,605	0	24,66
	6400	34,46	35,78	36,92	40,52	44,56	48,9	84,12	9,447	1126	1886		47,38	1,318	1,318	0	39,27	1,032	8,605	0	24,66
	6450	34,49	35,83	36,97	40,26	44,67	48,64	84,77	9,552	1119	1789		47,13	1,337	1,337	0	39,02	1,032	8,605	0	24,66
	6500	34,44	35,8	36,94	39,92	44,7	48,3	85,43	9,666	1110	1691		46,79	1,356	1,356	0	38,68	1,032	8,605	0	24,66
	6550	34,35	35,73	36,87	39,54	44,69	47,92	86,09	9,783	1099	1601		46,42	1,376	1,376	0	38,31	1,032	8,605	0	24,66
	6600	34,23	35,63	36,77	39,12	44,64	47,5	86,74	9,903	1088	1518		46,02	1,396	1,396	0	37,91	1,032	8,605	0	24,66
	6650	34,08	35,49	36,62	38,68	44,56	47,06	87,4	10,03	1075	1462		45,6	1,416	1,416	0	37,49	1,032	8,605	0	24,66
	6700	33,92	35,35	36,48	38,25	44,48	46,63	88,06	10,16	1063	1423		45,17	1,436	1,436	0	37,06	1,032	8,605	0	24,66
	6750	33,77	35,23	36,35	37,83	44,41	46,21	88,72	10,29	1051	1405		44,77	1,456	1,456	0	36,66	1,032	8,605	0	24,66
	6800	33,69	35,17	36,29	37,49	44,41	45,87	89,37	10,42	1042	1405		44,44	1,477	1,477	0	36,33	1,032	8,605	0	24,66
	6850	33,69	35,18	36,31	37,23	44,48	45,61	90,03	10,55	1035	1418		44,18	1,497	1,497	0	36,07	1,032	8,605	0	24,66
	6900	33,81	35,33	36,46	37,11	44,69	45,49	90,69	10,67	1032	1451		44,07	1,518	1,518	0	35,97	1,032	8,605	0	24,66
	6950	33,95	35,49	36,63	37,01	44,92	45,39	91,35	10,79	1029	1481		43,98	1,539	1,539	0	35,87	1,032	8,605	0	24,66
	7000	34,1	35,66	36,8	36,92	45,15	45,3	92	10,91	1026	1509		43,89	1,561	1,561	0	35,78	1,032	8,605	0	24,66
	7050	34,25	35,83	36,98	36,84	45,39	45,22	92,66	11,03	1024	1526		43,81	1,582	1,582	0	35,7	1,032	8,605	0	24,66
	7100	34,48	36,08	37,23	36,83	45,7	45,21	93,32	11,15	1024	1546		43,8	1,604	1,604	0	35,69	1,032	8,605	0	24,66
	7150	34,9	36,52	37,69	37,02	46,22	45,4	93,97	11,27	1029	1576		43,99	1,626	1,626	0	35,88	1,032	8,605	0	24,66
	7200	35,42	37,07	38,25	37,31	46,84	45,69	94,63	11,38	1037	1606		44,27	1,648	1,648	0	36,16	1,032	8,605	0	24,66
	7250	36,02	37,69	38,9	37,68	47,55	46,06	95,29	11,49	1047	1637		44,62	1,67	1,67	0	36,51	1,032	8,605	0	24,66
	7300	36,59	38,28	39,51	38,01	48,21	46,39	95,95	11,6	1056	1661		44,94	1,693	1,693	0	36,83	1,032	8,605	0	24,66
	7350	37,14	38,86	40,1	38,32	48,87	46,7	96,6	11,71	1065	1682		45,24	1,715	1,715	0	37,13	1,032	8,605	0	24,66
	7400	37,62	39,36	40,61	38,55	49,44	46,93	97,26	11,81	1071	1694		45,46	1,738	1,738	0	37,35	1,032	8,605	0	24,66
	7450	38,08	39,84	41,12	38,76	50,01	47,14	97,92	11,92	1077	1705		45,67	1,761	1,761	0	37,56	1,032	8,605	0	24,66
	7500	38,58	40,37	41,65	39,01	50,6	47,39	98,57	12,03	1084	1707		45,91	1,785	1,785	0	37,8	1,032	8,605	0	24,66
	7550	39,12	40,92	42,23	39,28	51,24	47,66	99,23	12,13	1092	1709		46,18	1,808	1,808	0	38,07	1,032	8,605	0	24,66
	7600	39,86	41,69	43,02	39,76	52,09	48,14	99,89	12,24	1105	1717		46,63	1,832	1,832	0	38,53	1,032	8,605	0	24,66
	7650	40,81	42,67	44,03	40,42	53,16	48,8	100,5	12,35	1124	1733		47,28	1,856	1,856	0	39,17	1,032	8,605	0	24,66
	7700	42,33	44,21	45,62	41,6	54,8	49,98	101,2	12,45	1156	1776		48,43	1,88	1,88	0	40,32	1,032	8,605	0	24,66
	7750	43,95	45,86	47,32	42,88	56,57	51,26	101,9	12,55	1192	1818		49,66	1,905	1,905	0	41,55	1,032	8,605	0	24,66
	7800	45,79	47,72	49,25	44,33	58,56	52,72	102,5	12,64	1232	1860		51,07	1,929	1,929	0	42,96	1,032	8,605	0	24,66
	7850	47,58	49,53	51,11	45,73	60,48	54,11	103,2	12,73	1271	1894		52,42	1,954	1,954	0	44,31	1,032	8,605	0	24,66
	7900	49,06	51,04	52,67	46,82	62,09	55,2	103,8	12,83	1301	1878		53,48	1,979	1,979	0	45,37	1,032	8,605	0	24,66
	7950	50,5	52,51	54,18	47,87	63,67	56,25	104,5	12,93	1331	1858		54,5	2,004	2,004	0	46,39	1,032	8,605	0	24,66
	8000	51,55	53,58	55,29	48,54	64,84	56,92	105,1	13,04	1349	1786		55,15	2,030	2,030	0	47,04	1,032	8,605	0	24,66
	8050	52,52	54,58	56,32	49,14	65,93	57,52	105,8	13,15	1366	1713		55,73	2,055	2,055	0	47,62	1,032	8,605	0	24,66
	8100	53,24	55,33	57,09	49,5	66,76	57,88	106,5	13,26	1376	1635		56,08	2,081	2,081	0	47,97	1,032	8,605	0	24,66
	8150	53,83	55,94	57,73	49,75	67,45	58,13	107,1	13,38	1383	1565		56,32	2,107	2,107	0	48,21	1,032	8,605	0	24,66
	8200	54,3	56,44	58,24	49,88	68,02	58,26	107,8	13,51	1387	1502		56,45	2,134	2,134	0	48,34	1,032	8,605	0	24,66
	8250	54,68	56,84	58,66	49,94	68,5	58,32	108,4	13,63	1388	1466		56,5	2,16	2,16	0	48,39	1,032	8,605	0	24,66
	8300	54,99	57,18	59,01	49,93	68,91	58,31	109,1	13,76	1388	1438		56,5	2,187	2,187	0	48,39	1,032	8,605	0	24,66
	8350	55,19	57,4	59,24	49,83	69,2	58,21	109,7	13,88	1385	1419		56,4	2,214	2,214	0	48,29	1,032	8,605	0	24,66
	8400	55,37	57,61	59,45	49,71	69,48	58,09	110,4	14,02	1382	1414		56,28	2,241	2,241	0	48,17	1,032	8,605	0	24,66
	8450	55,63	57,89	59,74	49,66	69,83	58,04	111,1	14,15	1380	1425		56,23	2,269	2,269	0	48,12	1,032	8,605	0	24,66
	8500	56,12	58,42	60,29	49,81	70,43	58,2	111,7	14,27	1385	1462		56,38	2,296	2,296	0	48,27	1,032	8,605	0	24,66
	8550	56,52	58,85	60,72	49,88	70,93	58,27	112,4	14,39	1387	1485		56,45	2,324	2,324	0	48,34	1,032	8,605	0	24,66
	8600	56,85	59,2	61,09	49,89	71,36	58,28	113	14,5	1387	1499		56,46	2,352	2,352	0	48,35	1,032	8,605	0	24,66
	8650	56,94	59,32	61,22	49,71	71,54	58,09	113,7	14,63	1382	1498		56,28	2,381	2,381	0	48,17	1,032	8,605	0	24,66
	8700	57,03	59,44	61,34	49,52	71,72	57,9	114,3	14,76	1376	1503		56,1	2,409	2,409	0	47,99	1,032	8,605	0	24,66
	8750	57,2	59,63	61,54	49,4	71,98	57,78	115	14,87	1373	1522		55,98	2,438	2,438	0	47,87	1,032	8,605	0	24,66
	8800	57,21	59,67	61,58	49,15	72,08	57,53	115,7	14,99	1366	1532		55,74	2,467	2,467	0	47,63	1,032	8,605	0	24,66
	8850	57,13	59,63	61,53	48,83	72,09	57,21	116,3	15,11	1357	1537		55,43	2,496	2,496	0	47,32	1,032	8,605	0	24,66
	8900	57,27	59,8	61,71	48,7	72,33	57,08	117	15,23	1354	1553		55,3	2,526	2,526	0	47,19	1,032	8,605	0	24,66
	8950	57,44	60	61,92	48,59	72,6	56,97	117,6	15,35	1351	1569		55,19	2,556	2,556	0	47,08	1,032	8,605	0	24,66
	9000	57,63	60,22	62,14	48,5	72,88	56,88	118,3	15,45	1348	1578		55,1	2,586	2,586	0	47	1,032	8,605	0	24,66
	9050	57,76	60,37	62,3	48,35	73,1	56,73	118,9	15,57	1344	1583		54,96	2,616	2,616	0	46,86	1,032	8,605	0	24,66
	9100	57,79	60,43	62,36	48,13	73,22	56,52	119,6	15,69	1338	1582		54,75	2,646	2,646	0	46,64	1,032	8,605	0	24,66
	9150	57,86	60,54	62,47	47,95	73,39	56,34	120,3	15,81	1333	1586		54,58	2,677	2,677	0	46,47	1,032	8,605	0	24,66
	9200	57,95	60,65	62,59	47,78	73,57	56,16	120,9	15,91	1328	1591		54,41	2,708	2,708	0	46,3	1,032	8,605	0	24,66
	9250	57,91	60,65	62,59	47,52	73,63	55,9	121,6	16,03	1321	1591		54,16	2,739	2,739	0	46,05	1,032	8,605	0	24,66
	9300	57,96	60,73	62,67	47,33	73,77	55,71	122,2	16,15	1316	1595		53,98	2,771	2,771	0	45,87	1,032	8,605	0	24,66
	9350	58,23	61,03	62,98	47,31	74,14	55,69	122,9	16,26	1315	1609		53,95	2,802	2,802	0	45,85	1,032	8,605	0	24,66
	9400	58,47	61,3	63,26	47,26	74,47	55,65	123,5	16,37	1314	1618		53,91	2,834	2,834	0	45,8	1,032	8,605	0	24,66
	9450	58,67	61,54	63,5	47,2	74,78	55,58	124,2	16,48	1312	1622		53,85	2,867	2,867	0	45,74	1,032	8,605	0	24,66
	9500	58,92	61,82	63,79	47,16	75,13	55,55	124,9	16,6	1311	1623		53,81	2,899	2,899	0	45,7	1,032	8,605	0	24,66
	9550	59,19	62,12	64,1	47,14	75,5	55,52	125,5	16,71	1310	1624		53,79	2,932	2,932	0	45,68	1,032	8,605	0	24,66
	9600	59,73	62,7	64,7	47,33	76,15	55,72	126,2	16,82	1316	1638		53,98	2,965	2,965	0	45,87	1,032	8,605	0	24,66
	9650	60,28	63,27	65,29	47,52	76,81	55,9	126,8	16,93	1321	1651		54,16	2,998	2,998	0	46,05	1,032	8,605	0	24,66
	9700	60,73	63,76	65,79	47,64	77,37	56,02	127,5	17,04	1324	1657		54,27	3,031	3,031	0	46,16	1,032	8,605	0	24,66
	9750	61,09	64,15	66,2	47,69	77,84	56,07	128,1	17,15	1326	1658		54,32	3,065	3,065	0	46,21	1,032	8,605	0	24,66
	9800	61,22	64,32	66,38	47,57	78,07	55,95	128,8	17,26	1322	1644		54,21	3,099	3,099	0	46,1	1,032	8,605	0	24,66
	9850	61,35	64,48	66,54	47,45	78,3	55,83	129,5	17,38	1319	1629		54,09	3,133	3,133	0	45,98	1,032	8,605	0	24,66
	9900	61,46	64,63	66,69	47,32	78,51	55,7	130,1	17,49	1315	1614		53,96	3,168	3,168	0	45,85	1,032	8,605	0	24,66
	9950	61,77	64,98	67,05	47,33	78,92	55,71	130,8	17,6	1316	1611		53,97	3,202	3,202	0	45,86	1,032	8,605	0	24,66
	10000	62,15	65,39	67,47	47,39	79,41	55,77	131,4	17,72	1317	1612		54,03	3,237	3,237	0	45,92	1,032	8,605	0	24,66
	10050	62,5	65,77	67,87	47,43	79,86	55,81	132,1	17,83	1318	1615		54,07	3,273	3,273	0	45,96	1,032	8,605	0	24,66
	10100	62,81	66,12	68,23	47,44	80,28	55,83	132,7	17,94	1319	1615		54,09	3,308	3,308	0	45,98	1,032	8,605	0	24,66
	10150	62,95	66,3	68,41	47,34	80,52	55,72	133,4	18,06	1316	1606		53,98	3,344	3,344	0	45,87	1,032	8,605	0	24,66
	10200	63	66,38	68,5	47,17	80,67	55,55	134,1	18,17	1311	1594		53,82	3,38	3,38	0	45,71	1,032	8,605	0	24,66
	10250	62,93	66,34	68,46	46,91	80,69	55,29	134,7	18,29	1304	1579		53,57	3,416	3,416	0	45,46	1,032	8,605	0	24,66
	10300	62,7	66,15	68,26	46,55	80,55	54,93	135,4	18,4	1294	1566		53,22	3,453	3,453	0	45,11	1,032	8,605	0	24,66
	10350	62,41	65,9	68	46,14	80,35	54,53	136	18,52	1283	1554		52,83	3,489	3,489	0	44,72	1,032	8,605	0	24,66
	10400	62,07	65,6	67,69	45,72	80,11	54,1	136,7	18,64	1271	1549		52,41	3,527	3,527	0	44,3	1,032	8,605	0	24,66
	10450	61,73	65,29	67,38	45,28	79,85	53,67	137,3	18,76	1259	1544		51,99	3,564	3,564	0	43,88	1,032	8,605	0	24,66
	10500	61,36	64,96	67,03	44,84	79,56	53,22	138	18,88	1246	1538		51,56	3,602	3,602	0	43,45	1,032	8,605	0	24,66
	10550	61,01	64,65	66,72	44,42	79,31	52,8	138,7	19	1235	1537		51,15	3,64	3,64	0	43,04	1,032	8,605	0	24,66
	10600	60,68	64,36	66,42	44,01	79,07	52,39	139,3	19,12	1223	1538		50,76	3,678	3,678	0	42,65	1,032	8,605	0	24,66
	10650	60,39	64,11	66,15	43,63	78,86	52,01	140	19,23	1213	1542		50,39	3,716	3,716	0	42,28	1,032	8,605	0	24,66
	10700	60,09	63,84	65,88	43,24	78,65	51,62	140,6	19,35	1202	1546		50,02	3,755	3,755	0	41,91	1,032	8,605	0	24,66
	10750	59,75	63,54	65,57	42,84	78,4	51,22	141,3	19,47	1191	1550		49,63	3,794	3,794	0	41,52	1,032	8,605	0	24,66
	10800	59,42	63,25	65,27	42,45	78,16	50,83	141,9	19,59	1180	1555		49,25	3,833	3,833	0	41,14	1,032	8,605	0	24,66
	10850	59,1	62,97	64,98	42,06	77,93	50,44	142,6	19,7	1169	1561		48,87	3,873	3,873	0	40,76	1,032	8,605	0	24,66
	10900	59	62,91	64,92	41,83	77,93	50,21	143,3	19,82	1163	1576		48,65	3,913	3,913	0	40,54	1,032	8,605	0	24,66
	10950	58,94	62,89	64,9	41,63	77,96	50,01	143,9	19,93	1157	1593		48,45	3,953	3,953	0	40,34	1,032	8,605	0	24,66
	11000	58,89	62,89	64,9	41,44	78,02	49,82	144,6	20,04	1152	1604		48,26	3,993	3,993	0	40,15	1,032	8,605	0	24,66
	11050	58,81	62,84	64,85	41,22	78,03	49,6	145,2	20,16	1146	1611		48,05	4,034	4,034	0	39,94	1,032	8,605	0	24,66
	11100	58,63	62,71	64,71	40,95	77,95	49,33	145,9	20,27	1138	1611		47,79	4,075	4,075	0	39,68	1,032	8,605	0	24,66
	11150	58,6	62,71	64,72	40,77	78,02	49,15	146,5	20,39	1133	1619		47,61	4,116	4,116	0	39,5	1,032	8,605	0	24,66
	11200	58,66	62,81	64,82	40,65	78,18	49,03	147,2	20,5	1130	1632		47,5	4,157	4,157	0	39,39	1,032	8,605	0	24,66
	11250	58,65	62,85	64,85	40,49	78,28	48,87	147,9	20,61	1125	1637		47,35	4,199	4,199	0	39,24	1,032	8,605	0	24,66
	11300	58,62	62,87	64,87	40,32	78,36	48,7	148,5	20,71	1121	1640		47,18	4,241	4,241	0	39,07	1,032	8,605	0	24,66
	11350	58,43	62,72	64,72	40,05	78,26	48,43	149,2	20,83	1113	1631		46,92	4,284	4,284	0	38,81	1,032	8,605	0	24,66
	11400	58,25	62,58	64,57	39,78	78,17	48,16	149,8	20,94	1106	1623		46,66	4,326	4,326	0	38,55	1,032	8,605	0	24,66
	11450	58,12	62,48	64,48	39,55	78,14	47,93	150,5	21,06	1099	1621		46,44	4,369	4,369	0	38,33	1,032	8,605	0	24,66
	11500	57,92	62,33	64,32	39,28	78,04	47,66	151,1	21,17	1092	1616		46,18	4,413	4,413	0	38,07	1,032	8,605	0	24,66
	11550	57,64	62,09	64,07	38,96	77,85	47,34	151,8	21,28	1083	1610		45,87	4,456	4,456	0	37,76	1,032	8,605	0	24,66
	11600	57,35	61,85	63,82	38,65	77,66	47,02	152,5	21,4	1074	1605		45,56	4,5	4,5	0	37,45	1,032	8,605	0	24,66
	11650	57,06	61,61	63,57	38,33	77,47	46,71	153,1	21,51	1065	1601		45,25	4,544	4,544	0	37,14	1,032	8,605	0	24,66
	11700	57,02	61,61	63,58	38,17	77,54	46,55	153,8	21,62	1061	1609		45,1	4,589	4,589	0	36,99	1,032	8,605	0	24,66
	11750	56,99	61,62	63,59	38,01	77,61	46,39	154,4	21,74	1057	1615		44,94	4,633	4,633	0	36,83	1,032	8,605	0	24,66
	11800	56,91	61,59	63,55	37,83	77,63	46,21	155,1	21,85	1051	1613		44,77	4,678	4,678	0	36,66	1,032	8,605	0	24,66
	11850	56,82	61,54	63,51	37,64	77,65	46,02	155,7	21,96	1046	1611		44,59	4,724	4,724	0	36,48	1,032	8,605	0	24,66
	11900	56,72	61,49	63,46	37,45	77,65	45,83	156,4	22,08	1041	1610		44,4	4,769	4,769	0	36,29	1,032	8,605	0	24,66
	11950	56,71	61,52	63,49	37,32	77,74	45,69	157,1	22,19	1037	1613		44,27	4,815	4,815	0	36,16	1,032	8,605	0	24,66
	12000	56,73	61,59	63,57	37,21	77,87	45,58	157,7	22,3	1034	1619		44,16	4,861	4,861	0	36,05	1,032	8,605	0	24,66
	12050	56,53	61,44	63,42	36,96	77,78	45,33	158,4	22,41	1027	1612		43,92	4,908	4,908	0	35,81	1,032	8,605	0	24,66
	12100	56,3	61,26	63,23	36,7	77,65	45,07	159	22,53	1020	1605		43,67	4,955	4,955	0	35,56	1,032	8,605	0	24,66
	12150	56,14	61,14	63,11	36,48	77,59	44,85	159,7	22,64	1014	1603		43,45	5,002	5,002	0	35,34	1,032	8,605	0	24,66
	12200	56,04	61,09	63,06	36,3	77,6	44,67	160,3	22,76	1009	1605		43,28	5,049	5,049	0	35,17	1,032	8,605	0	24,66
	12250	56,06	61,16	63,12	36,19	77,72	44,56	161	22,87	1006	1613		43,17	5,097	5,097	0	35,06	1,032	8,605	0	24,66
	12300	55,96	61,11	63,07	36,02	77,73	44,39	161,7	22,98	1001	1614		43	5,145	5,145	0	34,89	1,032	8,605	0	24,66
	12350	55,79	60,98	62,94	35,8	77,66	44,17	162,3	23,09	994,7	1608		42,79	5,194	5,194	0	34,68	1,032	8,605	0	24,66
	12400	55,55	60,79	62,74	35,54	77,52	43,91	163	23,21	987,6	1595		42,54	5,242	5,242	0	34,43	1,032	8,605	0	24,66
	12450	55,3	60,59	62,54	35,28	77,38	43,65	163,6	23,33	980,4	1581		42,29	5,291	5,291	0	34,18	1,032	8,605	0	24,66
	12500	55,15	60,49	62,44	35,08	77,34	43,45	164,3	23,45	974,9	1582		42,1	5,341	5,341	0	33,99	1,032	8,605	0	24,66
	12550	55,03	60,42	62,36	34,9	77,32	43,27	164,9	23,56	969,9	1585		41,92	5,39	5,39	0	33,81	1,032	8,605	0	24,66
	12600	54,94	60,38	62,33	34,74	77,34	43,11	165,6	23,67	965,5	1593		41,77	5,44	5,44	0	33,66	1,032	8,605	0	24,66
	12650	54,73	60,22	62,15	34,51	77,23	42,88	166,3	23,79	959	1598		41,54	5,491	5,491	0	33,43	1,032	8,605	0	24,66
	12700	54,42	59,96	61,89	34,23	77,02	42,6	166,9	23,9	951,2	1602		41,27	5,541	5,541	0	33,16	1,032	8,605	0	24,66
	12750	53,96	59,56	61,47	33,86	76,67	42,23	167,6	24,01	941,1	1600		40,92	5,592	5,592	0	32,81	1,032	8,605	0	24,66
	12800	53,52	59,17	61,07	33,51	76,33	41,88	168,2	24,13	931,2	1597		40,58	5,643	5,643	0	32,47	1,032	8,605	0	24,66
	12850	53,5	59,2	61,1	33,4	76,42	41,77	168,9	24,24	928,1	1593		40,47	5,695	5,695	0	32,36	1,032	8,605	0	24,66
	12900	53,55	59,3	61,21	33,33	76,58	41,7	169,5	24,36	926,1	1590		40,4	5,747	5,747	0	32,29	1,032	8,605	0	24,66
	12950	53,73	59,53	61,45	33,33	76,88	41,7	170,2	24,47	926,1	1590		40,4	5,799	5,799	0	32,29	1,032	8,605	0	24,66
	13000	53,54	59,39	61,3	33,12	76,79	41,49	170,9	24,59	920,3	1582		40,2	5,851	5,851	0	32,09	1,032	8,605	0	24,66
	13050	53,1	59,01	60,91	32,78	76,46	41,15	171,5	24,7	910,9	1569		39,87	5,904	5,904	0	31,76	1,032	8,605	0	24,66
