SESSION; TIME;RPM;THROT;WATER;MAP;LAMB;L U SP;R U SP;L D SP;R D SP;TRAC %;FUEL P;VOLTS;SLIP%;INJ;ADV;LAUC S;SHIF A;INJ %;CAM T;

1307 ;0:00,10 ;656 ;100 ;86;98;0,776 ;0,0 ;0,0 ;0,0 ;0,0 ;0 ;4,56 ;11,4 ;-1 ;6,99 ;18,0 ;0 ;0 ;17 ;0 ;
1307 ;0:00,20 ;656 ;100 ;86;98;0,823 ;0,0 ;0,0 ;0,0 ;0,0 ;0 ;4,58 ;11,4 ;-1 ;6,99 ;18,0 ;0 ;0 ;17 ;0 ;
1307 ;0:00,30 ;656 ;100 ;86;98;0,883 ;0,0 ;0,0 ;0,0 ;0,0 ;0 ;4,52 ;11,4 ;-1 ;6,99 ;18,0 ;0 ;0 ;17 ;0 ;
1307 ;0:00,40 ;656 ;100 ;86;98;0,895 ;0,0 ;0,0 ;0,0 ;0,0 ;0 ;4,58 ;11,8 ;-1 ;6,99 ;18,0 ;0 ;0 ;17 ;0 ;
1307 ;0:00,50 ;871 ;100 ;86;97;0,923 ;0,0 ;0,0 ;0,0 ;0,0 ;0 ;4,60 ;11,9 ;-1 ;6,87 ;17,1 ;0 ;0 ;17 ;0 ;
1307 ;0:00,60 ;1198 ;100 ;86;98;0,940 ;0,0 ;0,0 ;0,0 ;0,0 ;0 ;4,58 ;12,0 ;-1 ;7,44 ;18,7 ;0 ;0 ;18 ;0 ;
1307 ;0:00,70 ;1615 ;100 ;86;97;0,943 ;0,0 ;0,0 ;0,0 ;0,0 ;0 ;4,56 ;11,8 ;-1 ;8,12 ;20,4 ;0 ;0 ;20 ;0 ;
1307 ;0:00,80 ;2086 ;100 ;86;97;0,956 ;0,0 ;0,0 ;0,0 ;0,0 ;0 ;4,58 ;11,7 ;-1 ;8,88 ;22,1 ;0 ;0 ;22 ;0 ;
1307 ;0:00,90 ;2582 ;100 ;86;97;0,962 ;0,0 ;0,0 ;0,0 ;0,0 ;0 ;4,63 ;12,0 ;-1 ;9,83 ;23,5 ;0 ;0 ;24 ;0 ;
1307 ;0:01,00 ;3048 ;100 ;86;97;0,982 ;0,0 ;0,0 ;0,0 ;0,0 ;0 ;4,54 ;11,7 ;-1 ;11,94 ;23,7 ;0 ;0 ;31 ;0 ;
1307 ;0:01,10 ;3540 ;100 ;86;97;0,980 ;0,0 ;0,0 ;0,0 ;0,0 ;0 ;4,61 ;11,8 ;-1 ;15,35 ;24,4 ;0 ;0 ;45 ;0 ;
1307 ;0:01,20 ;4059 ;100 ;86;96;0,933 ;0,0 ;0,0 ;0,0 ;0,0 ;0 ;4,52 ;12,0 ;-1 ;15,18 ;29,6 ;0 ;0 ;52 ;0 ;
1307 ;0:01,30 ;4556 ;99 ;86;96;0,885 ;0,0 ;0,0 ;0,0 ;0,0 ;0 ;4,56 ;12,0 ;-1 ;15,75 ;28,8 ;0 ;0 ;60 ;0 ;
1307 ;0:01,40 ;4912 ;100 ;86;95;0,900 ;0,0 ;0,0 ;0,0 ;0,0 ;0 ;4,62 ;11,9 ;-1 ;11,97 ;28,1 ;0 ;0 ;49 ;0 ;
1307 ;0:01,50 ;5081 ;87 ;86;95;0,986 ;0,0 ;0,0 ;0,0 ;0,0 ;0 ;4,50 ;11,8 ;-1 ;12,32 ;28,2 ;0 ;0 ;52 ;0 ;
1307 ;0:01,60 ;5195 ;98 ;86;95;0,933 ;0,0 ;0,0 ;0,0 ;0,0 ;0 ;4,58 ;11,8 ;-1 ;12,58 ;28,6 ;0 ;0 ;54 ;0 ;
1307 ;0:01,70 ;5511 ;98 ;86;94;0,922 ;0,0 ;0,0 ;0,0 ;0,0 ;0 ;4,47 ;12,0 ;-1 ;12,22 ;29,8 ;0 ;0 ;56 ;0 ;
1307 ;0:01,80 ;5941 ;98 ;86;94;0,977 ;0,0 ;0,0 ;0,0 ;0,0 ;0 ;4,55 ;11,8 ;-1 ;12,19 ;31,4 ;0 ;0 ;61 ;0 ;
1307 ;0:01,90 ;6117 ;100 ;86;94;0,841 ;0,0 ;0,0 ;0,0 ;0,0 ;0 ;4,54 ;11,7 ;-1 ;12,56 ;32,2 ;0 ;0 ;64 ;0 ;
1307 ;0:02,00 ;6759 ;96 ;86;94;0,860 ;0,0 ;0,0 ;0,0 ;0,0 ;0 ;4,53 ;11,8 ;-1 ;12,93 ;35,9 ;0 ;0 ;74 ;0 ;
1307 ;0:02,10 ;7390 ;97 ;86;93;0,749 ;0,0 ;0,0 ;0,0 ;0,0 ;0 ;4,55 ;11,8 ;-1 ;9,72 ;40,0 ;0 ;0 ;60 ;0 ;
1307 ;0:02,20 ;6815 ;97 ;86;94;0,809 ;0,0 ;0,0 ;0,0 ;0,0 ;0 ;4,53 ;11,9 ;-1 ;9,89 ;35,9 ;0 ;0 ;57 ;0 ;
1307 ;0:02,30 ;6558 ;95 ;86;94;0,818 ;0,0 ;0,0 ;0,0 ;0,0 ;0 ;4,58 ;11,8 ;-1 ;10,41 ;34,5 ;0 ;0 ;57 ;0 ;
1307 ;0:02,40 ;5004 ;83 ;86;95;0,800 ;0,0 ;0,0 ;0,0 ;0,0 ;0 ;4,57 ;12,0 ;-1 ;12,48 ;27,9 ;0 ;0 ;50 ;0 ;
1307 ;0:02,50 ;3080 ;48 ;86;89;0,855 ;0,0 ;0,0 ;0,0 ;0,0 ;0 ;4,62 ;12,0 ;-1 ;6,25 ;22,3 ;0 ;0 ;14 ;0 ;
1307 ;0:02,60 ;2580 ;19 ;86;80;0,922 ;0,0 ;0,0 ;0,0 ;0,0 ;0 ;4,63 ;12,0 ;-1 ;4,87 ;16,8 ;0 ;0 ;12 ;0 ;
1307 ;0:02,70 ;2625 ;16 ;86;77;0,880 ;0,0 ;0,0 ;0,0 ;0,0 ;0 ;4,57 ;12,0 ;-1 ;4,72 ;14,0 ;0 ;0 ;11 ;0 ;
1307 ;0:02,80 ;2828 ;16 ;86;73;0,905 ;0,0 ;0,0 ;0,0 ;0,0 ;0 ;4,58 ;12,0 ;-1 ;4,98 ;15,3 ;0 ;0 ;12 ;0 ;
1307 ;0:02,90 ;3170 ;16 ;86;68;0,999 ;0,0 ;0,0 ;0,0 ;0,0 ;0 ;4,54 ;12,1 ;-1 ;5,11 ;18,7 ;0 ;0 ;13 ;0 ;
1307 ;0:03,00 ;3639 ;15 ;86;62;0,992 ;0,0 ;0,0 ;0,0 ;0,0 ;0 ;4,67 ;12,0 ;-1 ;5,24 ;25,4 ;0 ;0 ;16 ;0 ;
1307 ;0:03,10 ;3934 ;16 ;86;61;0,954 ;0,0 ;0,0 ;0,0 ;0,0 ;0 ;4,49 ;11,9 ;-1 ;5,53 ;28,8 ;0 ;0 ;18 ;0 ;
1307 ;0:03,20 ;4416 ;16 ;86;60;0,953 ;0,0 ;0,0 ;0,0 ;0,0 ;0 ;4,45 ;11,8 ;-1 ;5,60 ;29,4 ;0 ;0 ;21 ;0 ;
1307 ;0:03,30 ;4977 ;16 ;86;60;0,938 ;0,0 ;0,0 ;0,0 ;0,0 ;0 ;4,50 ;12,0 ;-1 ;5,80 ;29,6 ;0 ;0 ;24 ;0 ;
1307 ;0:03,40 ;4872 ;16 ;86;60;0,928 ;0,0 ;0,0 ;0,0 ;0,0 ;0 ;4,59 ;11,8 ;-1 ;2,60 ;29,6 ;0 ;0 ;10 ;0 ;
1307 ;0:03,50 ;4689 ;15 ;85;59;0,930 ;0,0 ;0,0 ;0,0 ;0,0 ;0 ;4,51 ;11,8 ;-1 ;2,54 ;29,6 ;0 ;0 ;9 ;0 ;
1307 ;0:03,60 ;4584 ;16 ;85;58;0,916 ;0,0 ;0,0 ;0,0 ;0,0 ;0 ;4,62 ;12,1 ;-1 ;2,49 ;29,6 ;0 ;0 ;9 ;0 ;
1307 ;0:03,70 ;4470 ;14 ;85;55;0,902 ;0,0 ;0,0 ;0,0 ;0,0 ;0 ;4,53 ;12,0 ;-1 ;2,34 ;29,8 ;0 ;0 ;8 ;0 ;
1307 ;0:03,80 ;4401 ;14 ;85;55;0,903 ;0,0 ;0,0 ;0,0 ;0,0 ;0 ;4,62 ;12,1 ;-1 ;2,34 ;29,8 ;0 ;0 ;8 ;0 ;
1307 ;0:03,90 ;4399 ;13 ;85;53;0,893 ;0,0 ;0,0 ;0,0 ;0,0 ;0 ;4,57 ;11,8 ;-1 ;2,26 ;29,7 ;0 ;0 ;8 ;0 ;
1307 ;0:04,00 ;4488 ;13 ;85;51;0,866 ;0,0 ;0,0 ;0,0 ;0,0 ;0 ;4,56 ;12,0 ;-1 ;2,20 ;29,7 ;0 ;0 ;8 ;0 ;
1307 ;0:04,10 ;4743 ;13 ;85;50;0,834 ;0,0 ;0,0 ;0,0 ;0,0 ;0 ;4,53 ;11,8 ;-1 ;2,20 ;30,0 ;0 ;0 ;8 ;0 ;
1307 ;0:04,20 ;5068 ;12 ;85;46;0,831 ;0,0 ;0,0 ;0,0 ;0,0 ;0 ;4,62 ;12,0 ;-1 ;2,15 ;30,7 ;0 ;0 ;9 ;0 ;
1307 ;0:04,30 ;5482 ;12 ;85;43;0,838 ;0,0 ;0,0 ;0,0 ;0,0 ;0 ;4,58 ;12,0 ;-1 ;2,10 ;31,7 ;0 ;0 ;9 ;0 ;
1307 ;0:04,40 ;5848 ;16 ;85;40;0,826 ;0,0 ;0,0 ;0,0 ;0,0 ;0 ;4,53 ;12,0 ;-1 ;2,07 ;31,3 ;0 ;0 ;10 ;0 ;
1307 ;0:04,50 ;6052 ;16 ;85;39;0,821 ;0,0 ;0,0 ;0,0 ;0,0 ;0 ;4,57 ;12,1 ;-1 ;2,07 ;31,0 ;0 ;0 ;10 ;0 ;
1307 ;0:04,60 ;6241 ;14 ;85;37;0,820 ;0,0 ;0,0 ;0,0 ;0,0 ;0 ;4,58 ;12,0 ;-1 ;1,95 ;30,4 ;0 ;0 ;10 ;0 ;
1307 ;0:04,70 ;6465 ;13 ;85;37;0,826 ;0,0 ;0,0 ;0,0 ;0,0 ;0 ;4,58 ;12,0 ;-1 ;1,95 ;30,4 ;0 ;0 ;10 ;0 ;
1307 ;0:04,80 ;6651 ;16 ;85;37;0,825 ;0,0 ;0,0 ;0,0 ;0,0 ;0 ;4,61 ;11,9 ;-1 ;1,95 ;30,4 ;0 ;0 ;10 ;0 ;
1307 ;0:04,90 ;6713 ;16 ;85;39;0,829 ;0,0 ;0,0 ;0,0 ;0,0 ;0 ;4,58 ;12,0 ;-1 ;2,07 ;31,0 ;0 ;0 ;11 ;0 ;
1307 ;0:05,00 ;6737 ;17 ;85;40;0,832 ;0,0 ;0,0 ;0,0 ;0,0 ;0 ;4,61 ;11,9 ;-1 ;2,08 ;31,7 ;0 ;0 ;11 ;0 ;
1307 ;0:05,10 ;6706 ;16 ;85;40;0,835 ;0,0 ;0,0 ;0,0 ;0,0 ;0 ;4,54 ;12,0 ;-1 ;2,08 ;31,7 ;0 ;0 ;11 ;0 ;
1307 ;0:05,20 ;6701 ;16 ;85;40;0,849 ;0,0 ;0,0 ;0,0 ;0,0 ;0 ;4,57 ;12,0 ;-1 ;2,08 ;31,7 ;0 ;0 ;11 ;0 ;
1307 ;0:05,30 ;6677 ;16 ;85;40;0,873 ;0,0 ;0,0 ;0,0 ;0,0 ;0 ;4,63 ;11,8 ;-1 ;2,08 ;31,7 ;0 ;0 ;11 ;0 ;
1307 ;0:05,40 ;6665 ;16 ;85;40;0,886 ;0,0 ;0,0 ;0,0 ;0,0 ;0 ;4,61 ;11,9 ;-1 ;2,08 ;31,7 ;0 ;0 ;11 ;0 ;
1307 ;0:05,50 ;6634 ;16 ;85;40;0,886 ;0,0 ;0,0 ;0,0 ;0,0 ;0 ;4,58 ;11,9 ;-1 ;2,08 ;31,7 ;0 ;0 ;11 ;0 ;
1307 ;0:05,60 ;6618 ;16 ;85;40;0,887 ;0,0 ;0,0 ;0,0 ;0,0 ;0 ;4,59 ;11,9 ;-1 ;2,08 ;31,7 ;0 ;0 ;11 ;0 ;
1307 ;0:05,70 ;6602 ;16 ;85;41;0,894 ;0,0 ;0,0 ;0,0 ;0,0 ;0 ;4,55 ;12,0 ;-1 ;2,10 ;32,3 ;0 ;0 ;11 ;0 ;
1307 ;0:05,80 ;6560 ;17 ;85;41;0,899 ;0,0 ;0,0 ;0,0 ;0,0 ;0 ;4,60 ;11,8 ;-1 ;2,10 ;32,3 ;0 ;0 ;11 ;0 ;
1307 ;0:05,90 ;6546 ;17 ;85;41;0,904 ;0,0 ;0,0 ;0,0 ;0,0 ;0 ;4,61 ;11,8 ;-1 ;2,10 ;32,3 ;0 ;0 ;11 ;0 ;
1307 ;0:06,00 ;6496 ;16 ;85;41;0,905 ;0,0 ;0,0 ;0,0 ;0,0 ;0 ;4,55 ;12,0 ;-1 ;2,10 ;32,3 ;0 ;0 ;11 ;0 ;
1307 ;0:06,10 ;6472 ;17 ;85;41;0,906 ;0,0 ;0,0 ;0,0 ;0,0 ;0 ;4,51 ;12,0 ;-1 ;2,10 ;32,3 ;0 ;0 ;11 ;0 ;
1307 ;0:06,20 ;6463 ;16 ;85;41;0,889 ;0,0 ;0,0 ;0,0 ;0,0 ;0 ;4,61 ;11,8 ;-1 ;2,10 ;32,3 ;0 ;0 ;11 ;0 ;
1307 ;0:06,30 ;6465 ;17 ;85;41;0,864 ;0,0 ;0,0 ;0,0 ;0,0 ;0 ;4,58 ;12,0 ;-1 ;2,10 ;32,3 ;0 ;0 ;11 ;0 ;
1307 ;0:06,40 ;6503 ;17 ;84;40;0,836 ;0,0 ;0,0 ;0,0 ;0,0 ;0 ;4,59 ;11,8 ;-1 ;2,08 ;31,6 ;0 ;0 ;11 ;0 ;
1307 ;0:06,50 ;6526 ;17 ;84;40;0,814 ;0,0 ;0,0 ;0,0 ;0,0 ;0 ;4,56 ;12,0 ;-1 ;2,08 ;31,6 ;0 ;0 ;11 ;0 ;
1307 ;0:06,60 ;6578 ;17 ;84;40;0,800 ;0,0 ;0,0 ;0,0 ;0,0 ;0 ;4,54 ;12,0 ;-1 ;2,08 ;31,6 ;0 ;0 ;11 ;0 ;
1307 ;0:06,70 ;6623 ;16 ;84;39;0,802 ;0,0 ;0,0 ;0,0 ;0,0 ;0 ;4,55 ;12,0 ;-1 ;2,07 ;31,0 ;0 ;0 ;11 ;0 ;
1307 ;0:06,80 ;6653 ;15 ;84;39;0,813 ;0,0 ;0,0 ;0,0 ;0,0 ;0 ;4,57 ;12,0 ;-1 ;2,07 ;31,0 ;0 ;0 ;11 ;0 ;
1307 ;0:06,90 ;6718 ;14 ;84;39;0,849 ;0,0 ;0,0 ;0,0 ;0,0 ;0 ;4,58 ;12,0 ;-1 ;2,07 ;31,0 ;0 ;0 ;11 ;0 ;
1307 ;0:07,00 ;6805 ;14 ;84;39;0,905 ;0,0 ;0,0 ;0,0 ;0,0 ;0 ;4,56 ;12,0 ;-1 ;2,07 ;31,0 ;0 ;0 ;11 ;0 ;
1307 ;0:07,10 ;6776 ;14 ;84;40;0,892 ;0,0 ;0,0 ;0,0 ;0,0 ;0 ;4,55 ;11,9 ;-1 ;2,08 ;31,7 ;0 ;0 ;11 ;0 ;
1307 ;0:07,20 ;6694 ;14 ;84;42;0,874 ;0,0 ;0,0 ;0,0 ;0,0 ;0 ;4,57 ;12,0 ;-1 ;2,09 ;33,1 ;0 ;0 ;11 ;0 ;
1307 ;0:07,30 ;6492 ;16 ;84;46;0,917 ;0,0 ;0,0 ;0,0 ;0,0 ;0 ;4,56 ;12,0 ;-1 ;2,15 ;35,7 ;0 ;0 ;11 ;0 ;
1307 ;0:07,40 ;6093 ;15 ;84;51;0,946 ;0,0 ;0,0 ;0,0 ;0,0 ;0 ;4,52 ;12,0 ;-1 ;2,37 ;37,3 ;0 ;0 ;12 ;0 ;
1307 ;0:07,50 ;5640 ;14 ;84;56;0,938 ;0,0 ;0,0 ;0,0 ;0,0 ;0 ;4,66 ;11,8 ;-1 ;2,47 ;35,0 ;0 ;0 ;11 ;0 ;
1307 ;0:07,60 ;5349 ;15 ;84;58;0,932 ;0,0 ;0,0 ;0,0 ;0,0 ;0 ;4,55 ;12,1 ;-1 ;2,50 ;32,7 ;0 ;0 ;11 ;0 ;
1307 ;0:07,70 ;5212 ;15 ;84;59;0,918 ;0,0 ;0,0 ;0,0 ;0,0 ;0 ;4,57 ;11,8 ;-1 ;2,53 ;31,5 ;0 ;0 ;11 ;0 ;
1307 ;0:07,80 ;5102 ;15 ;84;59;0,908 ;0,0 ;0,0 ;0,0 ;0,0 ;0 ;4,62 ;11,9 ;-1 ;2,54 ;30,5 ;0 ;0 ;10 ;0 ;
1307 ;0:07,90 ;5066 ;14 ;84;59;0,899 ;0,0 ;0,0 ;0,0 ;0,0 ;0 ;4,61 ;11,9 ;-1 ;2,57 ;30,1 ;0 ;0 ;10 ;0 ;
1307 ;0:08,00 ;5022 ;14 ;84;57;0,882 ;0,0 ;0,0 ;0,0 ;0,0 ;0 ;4,50 ;11,8 ;-1 ;2,48 ;29,9 ;0 ;0 ;10 ;0 ;
1307 ;0:08,10 ;5099 ;14 ;84;55;0,871 ;0,0 ;0,0 ;0,0 ;0,0 ;0 ;4,53 ;11,9 ;-1 ;2,41 ;30,6 ;0 ;0 ;10 ;0 ;
1307 ;0:08,20 ;5168 ;15 ;84;52;0,866 ;0,0 ;0,0 ;0,0 ;0,0 ;0 ;4,58 ;11,9 ;-1 ;2,32 ;31,3 ;0 ;0 ;10 ;0 ;
1307 ;0:08,30 ;5281 ;14 ;84;48;0,873 ;0,0 ;0,0 ;0,0 ;0,0 ;0 ;4,67 ;11,9 ;-1 ;2,20 ;31,9 ;0 ;0 ;9 ;0 ;
1307 ;0:08,40 ;5565 ;15 ;84;43;0,864 ;0,0 ;0,0 ;0,0 ;0,0 ;0 ;4,63 ;12,0 ;-1 ;2,10 ;32,0 ;0 ;0 ;9 ;0 ;
1307 ;0:08,50 ;5868 ;14 ;84;39;0,858 ;0,0 ;0,0 ;0,0 ;0,0 ;0 ;4,63 ;11,9 ;-1 ;2,06 ;30,8 ;0 ;0 ;10 ;0 ;
1307 ;0:08,60 ;6133 ;16 ;84;36;0,948 ;0,0 ;0,0 ;0,0 ;0,0 ;0 ;4,61 ;11,9 ;-1 ;1,89 ;30,1 ;0 ;0 ;9 ;0 ;
1307 ;0:08,70 ;6474 ;14 ;84;33;0,988 ;0,0 ;0,0 ;0,0 ;0,0 ;0 ;4,56 ;12,0 ;-1 ;1,73 ;29,2 ;0 ;0 ;9 ;0 ;
1307 ;0:08,80 ;6850 ;14 ;84;30;0,918 ;0,0 ;0,0 ;0,0 ;0,0 ;0 ;4,58 ;12,0 ;-1 ;1,65 ;28,2 ;0 ;0 ;9 ;0 ;
1307 ;0:08,90 ;7569 ;12 ;84;29;1,011 ;0,0 ;0,0 ;0,0 ;0,0 ;0 ;4,57 ;11,9 ;-1 ;1,63 ;27,9 ;0 ;0 ;10 ;0 ;
1307 ;0:09,00 ;8557 ;13 ;84;26;1,080 ;0,0 ;0,0 ;0,0 ;0,0 ;0 ;4,60 ;11,8 ;-1 ;1,87 ;27,4 ;0 ;0 ;13 ;0 ;
1307 ;0:09,10 ;9062 ;18 ;84;35;1,055 ;0,0 ;0,0 ;0,0 ;0,0 ;0 ;4,58 ;12,0 ;-1 ;1,98 ;30,8 ;0 ;0 ;15 ;0 ;
1307 ;0:09,20 ;8344 ;30 ;84;48;0,962 ;0,0 ;0,0 ;0,0 ;0,0 ;0 ;4,59 ;11,8 ;-1 ;2,30 ;37,2 ;0 ;0 ;16 ;0 ;
1307 ;0:09,30 ;7473 ;27 ;84;53;0,886 ;0,0 ;0,0 ;0,0 ;0,0 ;0 ;4,58 ;12,0 ;-1 ;2,54 ;38,7 ;0 ;0 ;15 ;0 ;
1307 ;0:09,40 ;6853 ;28 ;83;52;0,988 ;0,0 ;0,0 ;0,0 ;0,0 ;0 ;4,60 ;11,9 ;-1 ;2,45 ;38,2 ;0 ;0 ;14 ;0 ;
1307 ;0:09,50 ;6465 ;25 ;84;44;0,943 ;0,0 ;0,0 ;0,0 ;0,0 ;0 ;4,55 ;12,0 ;-1 ;2,14 ;34,3 ;0 ;0 ;11 ;0 ;
1307 ;0:09,60 ;6658 ;16 ;83;35;0,799 ;0,0 ;0,0 ;0,0 ;0,0 ;0 ;4,63 ;11,8 ;-1 ;1,84 ;29,8 ;0 ;0 ;10 ;0 ;
1307 ;0:09,70 ;7625 ;12 ;83;32;0,726 ;0,0 ;0,0 ;0,0 ;0,0 ;0 ;4,58 ;12,0 ;-1 ;1,68 ;29,0 ;0 ;0 ;10 ;0 ;
1307 ;0:09,80 ;8612 ;13 ;83;34;0,741 ;0,0 ;0,0 ;0,0 ;0,0 ;0 ;4,62 ;12,0 ;-1 ;1,93 ;30,5 ;0 ;0 ;14 ;0 ;
1307 ;0:09,90 ;8274 ;32 ;83;53;0,802 ;0,0 ;0,0 ;0,0 ;0,0 ;0 ;4,55 ;12,0 ;-1 ;2,62 ;38,7 ;0 ;0 ;18 ;0 ;
1307 ;0:10,00 ;7341 ;30 ;83;64;0,808 ;0,0 ;0,0 ;0,0 ;0,0 ;0 ;4,60 ;12,0 ;-1 ;3,12 ;42,3 ;0 ;0 ;19 ;0 ;
1307 ;0:10,10 ;6121 ;27 ;83;72;0,840 ;0,0 ;0,0 ;0,0 ;0,0 ;0 ;4,57 ;11,9 ;-1 ;3,67 ;35,7 ;0 ;0 ;18 ;0 ;
1307 ;0:10,20 ;4813 ;33 ;83;75;0,993 ;0,0 ;0,0 ;0,0 ;0,0 ;0 ;4,56 ;12,1 ;-1 ;3,38 ;28,6 ;0 ;0 ;13 ;0 ;
1307 ;0:10,30 ;4136 ;29 ;83;70;0,960 ;0,0 ;0,0 ;0,0 ;0,0 ;0 ;4,67 ;12,1 ;-1 ;3,00 ;29,7 ;0 ;0 ;10 ;0 ;
1307 ;0:10,40 ;3944 ;22 ;83;62;0,825 ;0,0 ;0,0 ;0,0 ;0,0 ;0 ;4,58 ;12,0 ;-1 ;2,61 ;28,5 ;0 ;0 ;8 ;0 ;
1307 ;0:10,50 ;4508 ;13 ;83;55;0,757 ;0,0 ;0,0 ;0,0 ;0,0 ;0 ;4,64 ;12,0 ;-1 ;2,34 ;29,8 ;0 ;0 ;8 ;0 ;
1307 ;0:10,60 ;5155 ;11 ;83;61;0,752 ;0,0 ;0,0 ;0,0 ;0,0 ;0 ;4,61 ;12,0 ;-1 ;4,16 ;30,9 ;0 ;0 ;18 ;0 ;
1307 ;0:10,70 ;5466 ;32 ;83;71;0,790 ;0,0 ;0,0 ;0,0 ;0,0 ;0 ;4,63 ;11,9 ;-1 ;5,83 ;31,6 ;0 ;0 ;26 ;0 ;
1307 ;0:10,80 ;5218 ;32 ;83;74;0,796 ;0,0 ;0,0 ;0,0 ;0,0 ;0 ;4,60 ;12,0 ;-1 ;6,36 ;29,7 ;0 ;0 ;27 ;0 ;
1307 ;0:10,90 ;4686 ;31 ;83;75;0,854 ;0,0 ;0,0 ;0,0 ;0,0 ;0 ;4,50 ;11,9 ;-1 ;6,18 ;28,8 ;0 ;0 ;24 ;0 ;
1307 ;0:11,00 ;4235 ;29 ;83;70;1,002 ;0,0 ;0,0 ;0,0 ;0,0 ;0 ;4,60 ;12,0 ;-1 ;5,70 ;29,5 ;0 ;0 ;19 ;0 ;
1307 ;0:11,10 ;4045 ;22 ;83;64;1,171 ;0,0 ;0,0 ;0,0 ;0,0 ;0 ;4,68 ;12,0 ;-1 ;5,20 ;29,4 ;0 ;0 ;17 ;0 ;
1307 ;0:11,20 ;4033 ;19 ;83;58;1,169 ;0,0 ;0,0 ;0,0 ;0,0 ;0 ;4,66 ;12,0 ;-1 ;4,62 ;29,4 ;0 ;0 ;15 ;0 ;
1307 ;0:11,30 ;4522 ;19 ;83;52;1,076 ;0,0 ;0,0 ;0,0 ;0,0 ;0 ;4,46 ;11,8 ;-1 ;4,20 ;29,8 ;0 ;0 ;16 ;0 ;
1307 ;0:11,40 ;5097 ;19 ;83;45;0,957 ;0,0 ;0,0 ;0,0 ;0,0 ;0 ;4,47 ;12,0 ;-1 ;4,04 ;30,7 ;0 ;0 ;17 ;0 ;
1307 ;0:11,50 ;5842 ;19 ;83;38;0,893 ;0,0 ;0,0 ;0,0 ;0,0 ;0 ;4,52 ;11,8 ;-1 ;3,85 ;30,4 ;0 ;0 ;19 ;0 ;
1307 ;0:11,60 ;6686 ;17 ;83;34;0,903 ;0,0 ;0,0 ;0,0 ;0,0 ;0 ;4,56 ;11,9 ;-1 ;3,39 ;29,5 ;0 ;0 ;19 ;0 ;
1307 ;0:11,70 ;7431 ;32 ;83;36;0,902 ;0,0 ;0,0 ;0,0 ;0,0 ;0 ;4,58 ;11,9 ;-1 ;3,82 ;30,1 ;0 ;0 ;23 ;0 ;
1307 ;0:11,80 ;7364 ;20 ;83;39;0,891 ;0,0 ;0,0 ;0,0 ;0,0 ;0 ;4,58 ;11,8 ;-1 ;2,06 ;31,0 ;0 ;0 ;12 ;0 ;
1307 ;0:11,90 ;7244 ;19 ;83;40;0,872 ;0,0 ;0,0 ;0,0 ;0,0 ;0 ;4,55 ;12,0 ;-1 ;2,07 ;31,7 ;0 ;0 ;12 ;0 ;
1307 ;0:12,00 ;7159 ;20 ;83;39;0,851 ;0,0 ;0,0 ;0,0 ;0,0 ;0 ;4,58 ;12,0 ;-1 ;2,06 ;31,0 ;0 ;0 ;12 ;0 ;
1307 ;0:12,10 ;7183 ;20 ;83;39;0,838 ;0,0 ;0,0 ;0,0 ;0,0 ;0 ;4,57 ;11,9 ;-1 ;2,07 ;31,0 ;0 ;0 ;12 ;0 ;
1307 ;0:12,20 ;7167 ;20 ;83;37;0,878 ;0,0 ;0,0 ;0,0 ;0,0 ;0 ;4,57 ;12,0 ;-1 ;1,95 ;30,4 ;0 ;0 ;11 ;0 ;
1307 ;0:12,30 ;7273 ;19 ;83;36;0,982 ;0,0 ;0,0 ;0,0 ;0,0 ;0 ;4,58 ;11,9 ;-1 ;1,89 ;30,1 ;0 ;0 ;11 ;0 ;
1307 ;0:12,40 ;7390 ;18 ;83;34;1,105 ;0,0 ;0,0 ;0,0 ;0,0 ;0 ;4,54 ;12,0 ;-1 ;1,78 ;29,5 ;0 ;0 ;11 ;0 ;
1307 ;0:12,50 ;7944 ;17 ;83;32;1,006 ;0,0 ;0,0 ;0,0 ;0,0 ;0 ;4,58 ;11,8 ;-1 ;1,68 ;29,0 ;0 ;0 ;11 ;0 ;
1307 ;0:12,60 ;8782 ;17 ;83;30;0,875 ;0,0 ;0,0 ;0,0 ;0,0 ;0 ;4,56 ;11,9 ;-1 ;1,87 ;29,1 ;0 ;0 ;13 ;0 ;
1307 ;0:12,70 ;9725 ;18 ;83;30;0,832 ;0,0 ;0,0 ;0,0 ;0,0 ;0 ;4,56 ;11,9 ;-1 ;1,97 ;29,1 ;0 ;0 ;16 ;0 ;
1307 ;0:12,80 ;10751 ;17 ;83;33;0,764 ;0,0 ;0,0 ;0,0 ;0,0 ;0 ;4,56 ;11,9 ;-1 ;2,17 ;30,2 ;0 ;0 ;19 ;0 ;
1307 ;0:12,90 ;10888 ;43 ;83;48;0,760 ;0,0 ;0,0 ;0,0 ;0,0 ;0 ;4,59 ;11,9 ;-1 ;2,58 ;38,2 ;0 ;0 ;23 ;0 ;
1307 ;0:13,00 ;10206 ;42 ;83;48;0,808 ;0,0 ;0,0 ;0,0 ;0,0 ;0 ;4,58 ;11,8 ;-1 ;2,56 ;38,2 ;0 ;0 ;22 ;0 ;
1307 ;0:13,10 ;9469 ;40 ;83;49;0,732 ;0,0 ;0,0 ;0,0 ;0,0 ;0 ;4,56 ;11,8 ;-1 ;4,26 ;38,5 ;0 ;0 ;34 ;0 ;
1307 ;0:13,20 ;9941 ;36 ;83;41;0,793 ;0,0 ;0,0 ;0,0 ;0,0 ;0 ;4,52 ;11,8 ;-1 ;3,83 ;33,5 ;0 ;0 ;32 ;0 ;
1307 ;0:13,30 ;11003 ;25 ;83;30;0,999 ;0,0 ;0,0 ;0,0 ;0,0 ;0 ;4,60 ;11,8 ;-1 ;3,88 ;29,1 ;0 ;0 ;36 ;0 ;
1307 ;0:13,40 ;12112 ;10 ;83;23;1,029 ;0,0 ;0,0 ;0,0 ;0,0 ;0 ;4,57 ;11,8 ;-1 ;3,71 ;28,0 ;0 ;0 ;38 ;0 ;
1307 ;0:13,50 ;13354 ;8 ;83;40;0,898 ;0,0 ;0,0 ;0,0 ;0,0 ;0 ;4,50 ;11,8 ;-1 ;4,82 ;33,6 ;0 ;0 ;54 ;0 ;
1307 ;0:13,60 ;14108 ;78 ;83;81;0,865 ;0,0 ;0,0 ;0,0 ;0,0 ;0 ;4,56 ;11,9 ;-1 ;5,39 ;44,0 ;0 ;0 ;65 ;0 ;
1307 ;0:13,70 ;13888 ;95 ;83;82;0,765 ;0,0 ;0,0 ;0,0 ;0,0 ;0 ;4,66 ;12,1 ;-1 ;5,47 ;44,0 ;0 ;0 ;64 ;0 ;
1307 ;0:13,80 ;13776 ;96 ;83;82;0,719 ;0,0 ;0,0 ;0,0 ;0,0 ;0 ;4,51 ;11,8 ;-1 ;5,47 ;44,0 ;0 ;0 ;64 ;0 ;
1307 ;0:13,90 ;12984 ;96 ;83;82;0,718 ;0,0 ;0,0 ;0,0 ;0,0 ;0 ;4,48 ;11,8 ;-1 ;5,42 ;44,0 ;0 ;0 ;59 ;0 ;
1307 ;0:14,00 ;11814 ;96 ;83;83;0,733 ;0,0 ;0,0 ;0,0 ;0,0 ;0 ;4,56 ;11,8 ;-1 ;5,44 ;44,0 ;0 ;0 ;54 ;0 ;
1307 ;0:14,10 ;8491 ;98 ;83;89;0,768 ;0,0 ;0,0 ;0,0 ;0,0 ;0 ;4,56 ;11,8 ;-1 ;6,09 ;43,5 ;0 ;0 ;43 ;0 ;
1307 ;0:14,20 ;7835 ;100 ;82;91;0,829 ;0,0 ;0,0 ;0,0 ;0,0 ;0 ;4,55 ;11,9 ;-1 ;5,59 ;43,6 ;0 ;0 ;37 ;0 ;
1307 ;0:14,30 ;6906 ;100 ;82;93;0,808 ;0,0 ;0,0 ;0,0 ;0,0 ;0 ;4,55 ;11,8 ;-1 ;5,22 ;36,5 ;0 ;0 ;30 ;0 ;
1307 ;0:14,40 ;6528 ;95 ;82;93;0,855 ;0,0 ;0,0 ;0,0 ;0,0 ;0 ;4,53 ;11,7 ;-1 ;9,18 ;34,5 ;0 ;0 ;50 ;0 ;
1307 ;0:14,50 ;6408 ;94 ;82;94;0,837 ;0,0 ;0,0 ;0,0 ;0,0 ;0 ;4,60 ;11,9 ;-1 ;9,76 ;33,8 ;0 ;0 ;52 ;0 ;
1307 ;0:14,60 ;6330 ;98 ;82;94;0,824 ;0,0 ;0,0 ;0,0 ;0,0 ;0 ;4,61 ;11,8 ;-1 ;10,25 ;33,4 ;0 ;0 ;54 ;0 ;
1307 ;0:14,70 ;6609 ;93 ;82;93;0,929 ;0,0 ;0,0 ;0,0 ;0,0 ;0 ;4,54 ;11,9 ;-1 ;10,63 ;34,9 ;0 ;0 ;58 ;0 ;
1307 ;0:14,80 ;6317 ;98 ;82;94;0,767 ;0,0 ;0,0 ;0,0 ;0,0 ;0 ;4,55 ;11,8 ;-1 ;11,18 ;33,3 ;0 ;0 ;59 ;0 ;
1307 ;0:14,90 ;6670 ;96 ;82;94;0,812 ;0,0 ;0,0 ;0,0 ;0,0 ;0 ;4,50 ;11,9 ;-1 ;11,62 ;35,1 ;0 ;0 ;65 ;0 ;
1307 ;0:15,00 ;6492 ;91 ;82;93;0,906 ;0,0 ;0,0 ;0,0 ;0,0 ;0 ;4,51 ;11,8 ;-1 ;12,01 ;33,9 ;0 ;0 ;65 ;0 ;
1307 ;0:15,10 ;5464 ;69 ;82;88;0,872 ;0,0 ;0,0 ;0,0 ;0,0 ;0 ;4,58 ;11,9 ;-1 ;11,29 ;30,0 ;0 ;0 ;51 ;0 ;
1307 ;0:15,20 ;5490 ;31 ;82;53;0,830 ;0,0 ;0,0 ;0,0 ;0,0 ;0 ;4,56 ;11,8 ;-1 ;5,18 ;33,8 ;0 ;0 ;24 ;0 ;
1307 ;0:15,30 ;6311 ;7 ;82;49;0,924 ;0,0 ;0,0 ;0,0 ;0,0 ;0 ;4,59 ;12,0 ;-1 ;2,27 ;36,9 ;0 ;0 ;12 ;0 ;
1307 ;0:15,40 ;6677 ;28 ;82;80;0,791 ;0,0 ;0,0 ;0,0 ;0,0 ;0 ;4,54 ;12,0 ;-1 ;4,60 ;36,8 ;0 ;0 ;25 ;0 ;
1307 ;0:15,50 ;7040 ;74 ;82;91;0,717 ;0,0 ;0,0 ;0,0 ;0,0 ;0 ;4,55 ;11,7 ;-1 ;9,14 ;37,5 ;0 ;0 ;54 ;0 ;
1307 ;0:15,60 ;6870 ;71 ;82;89;0,714 ;0,0 ;0,0 ;0,0 ;0,0 ;0 ;4,52 ;11,7 ;-1 ;9,43 ;36,6 ;0 ;0 ;53 ;0 ;
1307 ;0:15,70 ;6463 ;66 ;82;89;0,733 ;0,0 ;0,0 ;0,0 ;0,0 ;0 ;4,50 ;11,9 ;-1 ;9,62 ;34,5 ;0 ;0 ;52 ;0 ;
1307 ;0:15,80 ;4760 ;55 ;82;90;0,867 ;0,0 ;0,0 ;0,0 ;0,0 ;0 ;4,60 ;11,9 ;-1 ;9,12 ;28,5 ;0 ;0 ;36 ;0 ;
1307 ;0:15,90 ;3712 ;37 ;82;84;0,967 ;0,0 ;0,0 ;0,0 ;0,0 ;0 ;4,62 ;12,0 ;-1 ;7,11 ;26,3 ;0 ;0 ;21 ;0 ;
1307 ;0:16,00 ;2997 ;29 ;82;80;0,886 ;0,0 ;0,0 ;0,0 ;0,0 ;0 ;4,60 ;11,9 ;-1 ;5,27 ;20,6 ;0 ;0 ;13 ;0 ;
1307 ;0:16,10 ;3165 ;22 ;82;71;0,809 ;0,0 ;0,0 ;0,0 ;0,0 ;0 ;4,57 ;11,8 ;-1 ;5,06 ;19,3 ;0 ;0 ;13 ;0 ;
1307 ;0:16,20 ;3778 ;14 ;82;61;0,813 ;0,0 ;0,0 ;0,0 ;0,0 ;0 ;4,56 ;12,0 ;-1 ;4,97 ;26,8 ;0 ;0 ;15 ;0 ;
1307 ;0:16,30 ;4370 ;11 ;82;64;0,850 ;0,0 ;0,0 ;0,0 ;0,0 ;0 ;4,67 ;12,0 ;-1 ;5,70 ;29,2 ;0 ;0 ;21 ;0 ;
1307 ;0:16,40 ;4619 ;26 ;82;71;0,944 ;0,0 ;0,0 ;0,0 ;0,0 ;0 ;4,47 ;11,8 ;-1 ;6,86 ;29,0 ;0 ;0 ;26 ;0 ;
1307 ;0:16,50 ;4726 ;26 ;82;69;0,944 ;0,0 ;0,0 ;0,0 ;0,0 ;0 ;4,57 ;12,0 ;-1 ;6,89 ;28,8 ;0 ;0 ;27 ;0 ;
1307 ;0:16,60 ;4851 ;25 ;82;65;0,946 ;0,0 ;0,0 ;0,0 ;0,0 ;0 ;4,53 ;11,9 ;-1 ;6,50 ;29,1 ;0 ;0 ;26 ;0 ;
1307 ;0:16,70 ;4716 ;22 ;82;60;0,940 ;0,0 ;0,0 ;0,0 ;0,0 ;0 ;4,52 ;12,0 ;-1 ;2,57 ;29,5 ;0 ;0 ;10 ;0 ;
1307 ;0:16,80 ;4675 ;18 ;82;52;0,948 ;0,0 ;0,0 ;0,0 ;0,0 ;0 ;4,66 ;11,9 ;-1 ;2,24 ;29,9 ;0 ;0 ;8 ;0 ;
1307 ;0:16,90 ;4984 ;15 ;82;43;0,980 ;0,0 ;0,0 ;0,0 ;0,0 ;0 ;4,63 ;11,9 ;-1 ;2,07 ;30,1 ;0 ;0 ;8 ;0 ;
1307 ;0:17,00 ;5545 ;11 ;82;35;0,977 ;0,0 ;0,0 ;0,0 ;0,0 ;0 ;4,55 ;12,0 ;-1 ;1,79 ;29,0 ;0 ;0 ;8 ;0 ;
1307 ;0:17,10 ;6052 ;4 ;82;34;0,976 ;0,0 ;0,0 ;0,0 ;0,0 ;0 ;4,63 ;11,8 ;-1 ;1,77 ;29,5 ;0 ;0 ;9 ;0 ;
1307 ;0:17,20 ;6258 ;15 ;82;41;0,964 ;0,0 ;0,0 ;0,0 ;0,0 ;0 ;4,54 ;12,0 ;-1 ;2,08 ;32,3 ;0 ;0 ;10 ;0 ;
1307 ;0:17,30 ;6285 ;15 ;82;40;0,937 ;0,0 ;0,0 ;0,0 ;0,0 ;0 ;4,60 ;12,0 ;-1 ;2,07 ;31,6 ;0 ;0 ;10 ;0 ;
1307 ;0:17,40 ;6423 ;14 ;82;38;0,914 ;0,0 ;0,0 ;0,0 ;0,0 ;0 ;4,55 ;11,9 ;-1 ;2,00 ;30,7 ;0 ;0 ;10 ;0 ;
1307 ;0:17,50 ;6634 ;15 ;82;35;0,936 ;0,0 ;0,0 ;0,0 ;0,0 ;0 ;4,56 ;11,9 ;-1 ;1,83 ;29,8 ;0 ;0 ;10 ;0 ;
1307 ;0:17,60 ;6944 ;14 ;82;31;0,924 ;0,0 ;0,0 ;0,0 ;0,0 ;0 ;4,57 ;11,8 ;-1 ;1,65 ;28,5 ;0 ;0 ;9 ;0 ;
1307 ;0:17,70 ;7376 ;13 ;82;28;0,877 ;0,0 ;0,0 ;0,0 ;0,0 ;0 ;4,61 ;11,8 ;-1 ;1,61 ;27,4 ;0 ;0 ;10 ;0 ;
1307 ;0:17,80 ;8205 ;12 ;82;26;1,007 ;0,0 ;0,0 ;0,0 ;0,0 ;0 ;4,60 ;11,9 ;-1 ;1,69 ;27,3 ;0 ;0 ;11 ;0 ;
1307 ;0:17,90 ;8971 ;17 ;82;30;1,032 ;0,0 ;0,0 ;0,0 ;0,0 ;0 ;4,58 ;11,8 ;-1 ;1,87 ;29,1 ;0 ;0 ;14 ;0 ;
1307 ;0:18,00 ;9464 ;17 ;82;31;1,029 ;0,0 ;0,0 ;0,0 ;0,0 ;0 ;4,59 ;11,8 ;-1 ;1,94 ;29,5 ;0 ;0 ;15 ;0 ;
1307 ;0:18,10 ;10364 ;18 ;82;30;1,094 ;0,0 ;0,0 ;0,0 ;0,0 ;0 ;4,58 ;11,9 ;-1 ;2,09 ;29,1 ;0 ;0 ;18 ;0 ;
1307 ;0:18,20 ;11405 ;18 ;82;28;1,321 ;0,0 ;0,0 ;0,0 ;0,0 ;0 ;4,60 ;11,8 ;-1 ;2,09 ;28,2 ;0 ;0 ;20 ;0 ;
1307 ;0:18,30 ;12475 ;18 ;82;31;1,089 ;0,0 ;0,0 ;0,0 ;0,0 ;0 ;4,61 ;11,8 ;-1 ;2,17 ;30,5 ;0 ;0 ;23 ;0 ;
1307 ;0:18,40 ;13696 ;24 ;82;56;1,022 ;0,0 ;0,0 ;0,0 ;0,0 ;0 ;4,50 ;11,8 ;-1 ;3,68 ;41,1 ;0 ;0 ;43 ;0 ;
1307 ;0:18,50 ;14204 ;83 ;82;79;1,155 ;0,0 ;0,0 ;0,0 ;0,0 ;0 ;4,65 ;11,9 ;-1 ;5,24 ;44,0 ;0 ;0 ;63 ;0 ;
1307 ;0:18,60 ;12798 ;77 ;82;74;1,146 ;0,0 ;0,0 ;0,0 ;0,0 ;0 ;4,59 ;11,8 ;-1 ;4,85 ;44,0 ;0 ;0 ;52 ;0 ;
1307 ;0:18,70 ;11356 ;64 ;82;59;1,074 ;0,0 ;0,0 ;0,0 ;0,0 ;0 ;4,58 ;11,8 ;-1 ;3,77 ;43,0 ;0 ;0 ;36 ;0 ;
1307 ;0:18,80 ;11022 ;45 ;82;46;1,080 ;0,0 ;0,0 ;0,0 ;0,0 ;0 ;4,57 ;11,9 ;-1 ;2,41 ;37,2 ;0 ;0 ;22 ;0 ;
1307 ;0:18,90 ;10775 ;36 ;82;45;1,115 ;0,0 ;0,0 ;0,0 ;0,0 ;0 ;4,54 ;11,9 ;-1 ;2,38 ;36,5 ;0 ;0 ;21 ;0 ;
1307 ;0:19,00 ;10457 ;36 ;82;44;1,142 ;0,0 ;0,0 ;0,0 ;0,0 ;0 ;4,57 ;11,9 ;-1 ;2,33 ;35,7 ;0 ;0 ;20 ;0 ;
1307 ;0:19,10 ;9994 ;34 ;82;44;1,069 ;0,0 ;0,0 ;0,0 ;0,0 ;0 ;4,60 ;11,9 ;-1 ;2,32 ;35,7 ;0 ;0 ;19 ;0 ;
1307 ;0:19,20 ;9625 ;33 ;82;42;0,924 ;0,0 ;0,0 ;0,0 ;0,0 ;0 ;4,57 ;11,9 ;-1 ;2,22 ;34,2 ;0 ;0 ;18 ;0 ;
1307 ;0:19,30 ;9346 ;31 ;82;38;0,828 ;0,0 ;0,0 ;0,0 ;0,0 ;0 ;4,60 ;11,9 ;-1 ;2,09 ;31,7 ;0 ;0 ;16 ;0 ;
1307 ;0:19,40 ;9250 ;24 ;82;34;0,834 ;0,0 ;0,0 ;0,0 ;0,0 ;0 ;4,55 ;11,9 ;-1 ;1,97 ;30,5 ;0 ;0 ;15 ;0 ;
1307 ;0:19,50 ;9186 ;24 ;82;35;0,879 ;0,0 ;0,0 ;0,0 ;0,0 ;0 ;4,63 ;11,9 ;-1 ;1,98 ;30,8 ;0 ;0 ;15 ;0 ;
1307 ;0:19,60 ;9760 ;21 ;82;34;0,924 ;0,0 ;0,0 ;0,0 ;0,0 ;0 ;4,59 ;11,9 ;-1 ;2,05 ;30,5 ;0 ;0 ;17 ;0 ;
1307 ;0:19,70 ;10757 ;9 ;82;28;0,854 ;0,0 ;0,0 ;0,0 ;0,0 ;0 ;4,60 ;11,9 ;-1 ;2,09 ;28,2 ;0 ;0 ;19 ;0 ;
1307 ;0:19,80 ;11785 ;13 ;82;44;0,980 ;0,0 ;0,0 ;0,0 ;0,0 ;0 ;4,61 ;11,8 ;-1 ;2,41 ;36,0 ;0 ;0 ;24 ;0 ;
1307 ;0:19,90 ;11227 ;89 ;82;83;1,248 ;0,0 ;0,0 ;0,0 ;0,0 ;0 ;4,55 ;11,8 ;-1 ;5,35 ;44,2 ;0 ;0 ;50 ;0 ;
1307 ;0:20,00 ;7621 ;100 ;82;93;1,472 ;0,0 ;0,0 ;0,0 ;0,0 ;0 ;4,57 ;11,8 ;-1 ;5,50 ;41,7 ;0 ;0 ;35 ;0 ;
1307 ;0:20,10 ;5237 ;97 ;82;95;1,410 ;0,0 ;0,0 ;0,0 ;0,0 ;0 ;4,61 ;12,0 ;-1 ;5,79 ;28,8 ;0 ;0 ;25 ;0 ;
1307 ;0:20,20 ;4522 ;97 ;82;96;0,987 ;0,0 ;0,0 ;0,0 ;0,0 ;0 ;4,66 ;12,0 ;-1 ;6,08 ;28,9 ;0 ;0 ;22 ;0 ;
1307 ;0:20,30 ;4572 ;87 ;82;96;0,962 ;0,0 ;0,0 ;0,0 ;0,0 ;0 ;4,62 ;11,9 ;-1 ;6,09 ;28,8 ;0 ;0 ;23 ;0 ;
1307 ;0:20,40 ;4815 ;55 ;82;77;0,958 ;0,0 ;0,0 ;0,0 ;0,0 ;0 ;4,61 ;11,8 ;-1 ;3,56 ;28,5 ;0 ;0 ;14 ;0 ;
1307 ;0:20,50 ;4464 ;15 ;82;54;0,961 ;0,0 ;0,0 ;0,0 ;0,0 ;0 ;4,54 ;12,0 ;-1 ;2,29 ;29,8 ;0 ;0 ;8 ;0 ;
1307 ;0:20,60 ;4389 ;11 ;82;53;0,970 ;0,0 ;0,0 ;0,0 ;0,0 ;0 ;4,62 ;12,0 ;-1 ;2,24 ;29,7 ;0 ;0 ;8 ;0 ;
1307 ;0:20,70 ;4408 ;12 ;82;53;0,968 ;0,0 ;0,0 ;0,0 ;0,0 ;0 ;4,53 ;11,9 ;-1 ;2,25 ;29,7 ;0 ;0 ;8 ;0 ;
1307 ;0:20,80 ;4389 ;12 ;82;53;0,958 ;0,0 ;0,0 ;0,0 ;0,0 ;0 ;4,57 ;12,0 ;-1 ;2,24 ;29,7 ;0 ;0 ;8 ;0 ;
1307 ;0:20,90 ;4441 ;11 ;82;54;0,966 ;0,0 ;0,0 ;0,0 ;0,0 ;0 ;4,62 ;12,0 ;-1 ;2,29 ;29,8 ;0 ;0 ;8 ;0 ;
1307 ;0:21,00 ;4355 ;12 ;82;54;0,969 ;0,0 ;0,0 ;0,0 ;0,0 ;0 ;4,58 ;12,0 ;-1 ;2,28 ;29,8 ;0 ;0 ;8 ;0 ;
1307 ;0:21,10 ;4350 ;11 ;82;53;0,981 ;0,0 ;0,0 ;0,0 ;0,0 ;0 ;4,55 ;11,9 ;-1 ;2,24 ;29,7 ;0 ;0 ;8 ;0 ;
1307 ;0:21,20 ;4394 ;11 ;82;53;1,009 ;0,0 ;0,0 ;0,0 ;0,0 ;0 ;4,63 ;12,0 ;-1 ;2,24 ;29,7 ;0 ;0 ;8 ;0 ;
1307 ;0:21,30 ;4344 ;11 ;82;53;1,026 ;0,0 ;0,0 ;0,0 ;0,0 ;0 ;4,58 ;11,8 ;-1 ;2,24 ;29,7 ;0 ;0 ;8 ;0 ;
1307 ;0:21,40 ;4329 ;11 ;82;53;1,043 ;0,0 ;0,0 ;0,0 ;0,0 ;0 ;4,66 ;12,1 ;-1 ;2,24 ;29,7 ;0 ;0 ;8 ;0 ;
1307 ;0:21,50 ;4303 ;11 ;82;53;1,035 ;0,0 ;0,0 ;0,0 ;0,0 ;0 ;4,57 ;11,8 ;-1 ;2,24 ;29,7 ;0 ;0 ;8 ;0 ;
1307 ;0:21,60 ;4276 ;11 ;82;53;1,029 ;0,0 ;0,0 ;0,0 ;0,0 ;0 ;4,56 ;11,9 ;-1 ;2,23 ;29,7 ;0 ;0 ;8 ;0 ;
1307 ;0:21,70 ;4208 ;11 ;82;53;1,010 ;0,0 ;0,0 ;0,0 ;0,0 ;0 ;4,58 ;11,9 ;-1 ;2,23 ;29,7 ;0 ;0 ;7 ;0 ;
1307 ;0:21,80 ;4194 ;11 ;82;53;0,988 ;0,0 ;0,0 ;0,0 ;0,0 ;0 ;4,57 ;12,0 ;-1 ;2,22 ;29,7 ;0 ;0 ;7 ;0 ;
1307 ;0:21,90 ;4196 ;11 ;82;53;0,982 ;0,0 ;0,0 ;0,0 ;0,0 ;0 ;4,58 ;12,0 ;-1 ;2,22 ;29,7 ;0 ;0 ;7 ;0 ;
1307 ;0:22,00 ;4142 ;10 ;82;53;0,982 ;0,0 ;0,0 ;0,0 ;0,0 ;0 ;4,58 ;11,8 ;-1 ;2,21 ;29,7 ;0 ;0 ;7 ;0 ;
1307 ;0:22,10 ;4124 ;10 ;82;53;0,981 ;0,0 ;0,0 ;0,0 ;0,0 ;0 ;4,59 ;11,9 ;-1 ;2,21 ;29,7 ;0 ;0 ;7 ;0 ;
1307 ;0:22,20 ;4116 ;10 ;82;53;0,970 ;0,0 ;0,0 ;0,0 ;0,0 ;0 ;4,62 ;12,0 ;-1 ;2,21 ;29,7 ;0 ;0 ;7 ;0 ;
1307 ;0:22,30 ;4073 ;10 ;81;53;0,968 ;0,0 ;0,0 ;0,0 ;0,0 ;0 ;4,59 ;12,0 ;-1 ;2,20 ;29,7 ;0 ;0 ;7 ;0 ;
1307 ;0:22,40 ;3999 ;10 ;81;52;0,862 ;0,0 ;0,0 ;0,0 ;0,0 ;0 ;4,58 ;12,0 ;-1 ;2,15 ;29,5 ;0 ;0 ;7 ;0 ;
1307 ;0:22,50 ;3999 ;9 ;81;52;0,502 ;0,0 ;0,0 ;0,0 ;0,0 ;0 ;4,57 ;11,8 ;-1 ;2,15 ;29,5 ;0 ;0 ;7 ;0 ;
1307 ;0:22,60 ;3985 ;10 ;81;53;0,503 ;0,0 ;0,0 ;0,0 ;0,0 ;0 ;4,62 ;11,9 ;-1 ;2,19 ;29,5 ;0 ;0 ;7 ;0 ;
1307 ;0:22,70 ;3980 ;9 ;81;52;0,502 ;0,0 ;0,0 ;0,0 ;0,0 ;0 ;4,59 ;12,0 ;-1 ;2,15 ;29,3 ;0 ;0 ;7 ;0 ;
1307 ;0:22,80 ;4078 ;9 ;81;52;0,503 ;0,0 ;0,0 ;0,0 ;0,0 ;0 ;4,55 ;11,8 ;-1 ;2,16 ;29,6 ;0 ;0 ;7 ;0 ;
1307 ;0:22,90 ;4101 ;9 ;81;52;0,503 ;0,0 ;0,0 ;0,0 ;0,0 ;0 ;4,56 ;12,0 ;-1 ;2,17 ;29,6 ;0 ;0 ;7 ;0 ;
1307 ;0:23,00 ;4109 ;9 ;81;52;0,503 ;0,0 ;0,0 ;0,0 ;0,0 ;0 ;4,60 ;12,0 ;-1 ;2,17 ;29,6 ;0 ;0 ;7 ;0 ;
1307 ;0:23,10 ;4231 ;9 ;81;53;0,503 ;0,0 ;0,0 ;0,0 ;0,0 ;0 ;4,58 ;11,8 ;-1 ;2,23 ;29,7 ;0 ;0 ;7 ;0 ;
1307 ;0:23,20 ;4221 ;9 ;81;55;0,503 ;0,0 ;0,0 ;0,0 ;0,0 ;0 ;4,55 ;11,8 ;-1 ;2,31 ;29,8 ;0 ;0 ;8 ;0 ;
1307 ;0:23,30 ;4139 ;9 ;81;57;0,503 ;0,0 ;0,0 ;0,0 ;0,0 ;0 ;4,60 ;11,8 ;-1 ;2,40 ;29,5 ;0 ;0 ;8 ;0 ;
1307 ;0:23,40 ;3895 ;9 ;81;61;0,504 ;0,0 ;0,0 ;0,0 ;0,0 ;0 ;4,60 ;12,0 ;-1 ;2,55 ;28,0 ;0 ;0 ;8 ;0 ;
1307 ;0:23,50 ;3605 ;9 ;81;64;0,504 ;0,0 ;0,0 ;0,0 ;0,0 ;0 ;4,57 ;11,9 ;-1 ;2,56 ;25,0 ;0 ;0 ;7 ;0 ;
1307 ;0:23,60 ;3462 ;9 ;81;65;0,504 ;0,0 ;0,0 ;0,0 ;0,0 ;0 ;4,55 ;11,9 ;-1 ;2,53 ;23,3 ;0 ;0 ;7 ;0 ;
1307 ;0:23,70 ;3369 ;9 ;81;65;0,504 ;0,0 ;0,0 ;0,0 ;0,0 ;0 ;4,63 ;12,0 ;-1 ;2,49 ;21,7 ;0 ;0 ;6 ;0 ;
1307 ;0:23,80 ;3237 ;9 ;81;65;0,504 ;0,0 ;0,0 ;0,0 ;0,0 ;0 ;4,62 ;12,1 ;-1 ;2,44 ;19,4 ;0 ;0 ;6 ;0 ;
1307 ;0:23,90 ;3201 ;9 ;81;66;0,504 ;0,0 ;0,0 ;0,0 ;0,0 ;0 ;4,59 ;11,9 ;-1 ;2,46 ;19,0 ;0 ;0 ;6 ;0 ;
1307 ;0:24,00 ;3077 ;9 ;81;65;0,504 ;0,0 ;0,0 ;0,0 ;0,0 ;0 ;4,61 ;12,1 ;-1 ;2,39 ;16,8 ;0 ;0 ;6 ;0 ;
1307 ;0:24,10 ;3008 ;9 ;81;64;0,503 ;0,0 ;0,0 ;0,0 ;0,0 ;0 ;4,60 ;11,9 ;-1 ;2,33 ;15,5 ;0 ;0 ;5 ;0 ;
1307 ;0:24,20 ;3020 ;8 ;81;63;0,505 ;0,0 ;0,0 ;0,0 ;0,0 ;0 ;4,56 ;12,0 ;-1 ;2,30 ;15,5 ;0 ;0 ;5 ;0 ;
1307 ;0:24,30 ;3032 ;8 ;81;62;0,506 ;0,0 ;0,0 ;0,0 ;0,0 ;0 ;4,59 ;11,9 ;-1 ;2,28 ;15,6 ;0 ;0 ;5 ;0 ;
1307 ;0:24,40 ;3024 ;8 ;81;61;0,505 ;0,0 ;0,0 ;0,0 ;0,0 ;0 ;4,57 ;11,8 ;-1 ;2,25 ;15,4 ;0 ;0 ;5 ;0 ;
1307 ;0:24,50 ;3051 ;7 ;81;60;0,504 ;0,0 ;0,0 ;0,0 ;0,0 ;0 ;4,59 ;11,8 ;-1 ;2,22 ;15,9 ;0 ;0 ;5 ;0 ;
1307 ;0:24,60 ;3228 ;7 ;81;58;0,504 ;0,0 ;0,0 ;0,0 ;0,0 ;0 ;4,65 ;12,0 ;-1 ;2,21 ;19,1 ;0 ;0 ;6 ;0 ;
1307 ;0:24,70 ;3475 ;7 ;81;54;0,503 ;0,0 ;0,0 ;0,0 ;0,0 ;0 ;4,57 ;12,0 ;-1 ;2,14 ;23,5 ;0 ;0 ;6 ;0 ;
1307 ;0:24,80 ;3753 ;7 ;81;50;0,503 ;0,0 ;0,0 ;0,0 ;0,0 ;0 ;4,58 ;12,0 ;-1 ;2,03 ;26,6 ;0 ;0 ;6 ;0 ;
1307 ;0:24,90 ;3857 ;7 ;81;49;0,503 ;0,0 ;0,0 ;0,0 ;0,0 ;0 ;4,56 ;11,9 ;-1 ;2,01 ;27,8 ;0 ;0 ;6 ;0 ;
1307 ;0:25,00 ;4036 ;7 ;81;49;0,504 ;0,0 ;0,0 ;0,0 ;0,0 ;0 ;4,57 ;12,0 ;-1 ;2,04 ;29,3 ;0 ;0 ;6 ;0 ;
1307 ;0:25,10 ;4151 ;7 ;81;49;0,503 ;0,0 ;0,0 ;0,0 ;0,0 ;0 ;4,62 ;11,7 ;-1 ;2,07 ;29,4 ;0 ;0 ;7 ;0 ;
1307 ;0:25,20 ;4299 ;7 ;81;51;0,503 ;0,0 ;0,0 ;0,0 ;0,0 ;0 ;4,57 ;11,9 ;-1 ;2,15 ;29,6 ;0 ;0 ;7 ;0 ;
1307 ;0:25,30 ;4232 ;11 ;81;54;0,503 ;0,0 ;0,0 ;0,0 ;0,0 ;0 ;4,58 ;12,0 ;-1 ;2,27 ;29,8 ;0 ;0 ;8 ;0 ;
1307 ;0:25,40 ;4226 ;11 ;81;54;0,503 ;0,0 ;0,0 ;0,0 ;0,0 ;0 ;4,62 ;12,0 ;-1 ;2,27 ;29,8 ;0 ;0 ;8 ;0 ;
1307 ;0:25,50 ;4202 ;11 ;81;53;0,503 ;0,0 ;0,0 ;0,0 ;0,0 ;0 ;4,60 ;12,0 ;-1 ;2,23 ;29,7 ;0 ;0 ;7 ;0 ;
1307 ;0:25,60 ;4138 ;11 ;80;53;0,503 ;0,0 ;0,0 ;0,0 ;0,0 ;0 ;4,58 ;12,0 ;-1 ;2,21 ;29,7 ;0 ;0 ;7 ;0 ;
1307 ;0:25,70 ;4055 ;11 ;80;52;0,504 ;0,0 ;0,0 ;0,0 ;0,0 ;0 ;4,60 ;11,8 ;-1 ;2,16 ;29,6 ;0 ;0 ;7 ;0 ;
1307 ;0:25,80 ;4034 ;11 ;80;51;0,503 ;0,0 ;0,0 ;0,0 ;0,0 ;0 ;4,59 ;12,0 ;-1 ;2,12 ;29,5 ;0 ;0 ;7 ;0 ;
1307 ;0:25,90 ;4036 ;10 ;80;49;0,503 ;0,0 ;0,0 ;0,0 ;0,0 ;0 ;4,60 ;11,8 ;-1 ;2,04 ;29,3 ;0 ;0 ;6 ;0 ;
1307 ;0:26,00 ;4187 ;10 ;80;47;0,503 ;0,0 ;0,0 ;0,0 ;0,0 ;0 ;4,58 ;12,0 ;-1 ;1,99 ;29,3 ;0 ;0 ;7 ;0 ;
1307 ;0:26,10 ;4494 ;10 ;80;45;0,502 ;0,0 ;0,0 ;0,0 ;0,0 ;0 ;4,57 ;11,8 ;-1 ;1,99 ;29,1 ;0 ;0 ;7 ;0 ;
1307 ;0:26,20 ;5021 ;10 ;80;40;0,502 ;0,0 ;0,0 ;0,0 ;0,0 ;0 ;4,56 ;12,0 ;-1 ;2,02 ;30,0 ;0 ;0 ;8 ;0 ;
1307 ;0:26,30 ;5517 ;11 ;80;35;0,501 ;0,0 ;0,0 ;0,0 ;0,0 ;0 ;4,58 ;11,9 ;-1 ;1,79 ;29,1 ;0 ;0 ;8 ;0 ;
1307 ;0:26,40 ;6097 ;10 ;80;34;0,501 ;0,0 ;0,0 ;0,0 ;0,0 ;0 ;4,55 ;12,0 ;-1 ;1,77 ;29,5 ;0 ;0 ;9 ;0 ;
1307 ;0:26,50 ;6517 ;9 ;80;36;0,501 ;0,0 ;0,0 ;0,0 ;0,0 ;0 ;4,56 ;12,0 ;-1 ;1,88 ;30,1 ;0 ;0 ;10 ;0 ;
1307 ;0:26,60 ;6606 ;17 ;80;42;0,501 ;0,0 ;0,0 ;0,0 ;0,0 ;0 ;4,56 ;12,0 ;-1 ;2,09 ;33,1 ;0 ;0 ;11 ;0 ;
1307 ;0:26,70 ;6445 ;15 ;80;45;0,501 ;0,0 ;0,0 ;0,0 ;0,0 ;0 ;4,60 ;11,9 ;-1 ;2,14 ;35,0 ;0 ;0 ;11 ;0 ;
1307 ;0:26,80 ;6115 ;14 ;80;50;0,501 ;0,0 ;0,0 ;0,0 ;0,0 ;0 ;4,57 ;11,9 ;-1 ;2,32 ;37,0 ;0 ;0 ;11 ;0 ;
1307 ;0:26,90 ;5650 ;14 ;80;55;0,502 ;0,0 ;0,0 ;0,0 ;0,0 ;0 ;4,61 ;11,9 ;-1 ;2,47 ;35,3 ;0 ;0 ;11 ;0 ;
1307 ;0:27,00 ;5370 ;14 ;80;58;0,502 ;0,0 ;0,0 ;0,0 ;0,0 ;0 ;4,63 ;11,9 ;-1 ;2,50 ;32,6 ;0 ;0 ;11 ;0 ;
1307 ;0:27,10 ;5188 ;14 ;80;59;0,502 ;0,0 ;0,0 ;0,0 ;0,0 ;0 ;4,60 ;11,8 ;-1 ;2,54 ;31,2 ;0 ;0 ;11 ;0 ;
1307 ;0:27,20 ;5082 ;14 ;80;59;0,502 ;0,0 ;0,0 ;0,0 ;0,0 ;0 ;4,42 ;11,9 ;-1 ;2,55 ;30,3 ;0 ;0 ;10 ;0 ;
1307 ;0:27,30 ;4966 ;14 ;80;59;0,503 ;0,0 ;0,0 ;0,0 ;0,0 ;0 ;4,52 ;11,9 ;-1 ;2,54 ;29,6 ;0 ;0 ;10 ;0 ;
1307 ;0:27,40 ;4918 ;15 ;80;59;0,502 ;0,0 ;0,0 ;0,0 ;0,0 ;0 ;4,59 ;11,8 ;-1 ;2,54 ;29,6 ;0 ;0 ;10 ;0 ;
1307 ;0:27,50 ;4820 ;15 ;80;58;0,503 ;0,0 ;0,0 ;0,0 ;0,0 ;0 ;4,65 ;11,9 ;-1 ;2,49 ;29,7 ;0 ;0 ;10 ;0 ;
1307 ;0:27,60 ;4760 ;15 ;80;58;0,503 ;0,0 ;0,0 ;0,0 ;0,0 ;0 ;4,67 ;12,0 ;-1 ;2,48 ;29,6 ;0 ;0 ;9 ;0 ;
1307 ;0:27,70 ;4691 ;14 ;80;57;0,503 ;0,0 ;0,0 ;0,0 ;0,0 ;0 ;4,62 ;11,9 ;-1 ;2,43 ;29,7 ;0 ;0 ;9 ;0 ;
1307 ;0:27,80 ;4615 ;13 ;80;55;0,503 ;0,0 ;0,0 ;0,0 ;0,0 ;0 ;4,62 ;12,0 ;-1 ;2,35 ;29,8 ;0 ;0 ;9 ;0 ;
1307 ;0:27,90 ;4555 ;13 ;80;54;0,503 ;0,0 ;0,0 ;0,0 ;0,0 ;0 ;4,54 ;11,8 ;-1 ;2,30 ;29,8 ;0 ;0 ;8 ;0 ;
1307 ;0:28,00 ;4465 ;13 ;80;52;0,503 ;0,0 ;0,0 ;0,0 ;0,0 ;0 ;4,55 ;11,8 ;-1 ;2,21 ;29,7 ;0 ;0 ;8 ;0 ;
1307 ;0:28,10 ;4439 ;12 ;80;50;0,503 ;0,0 ;0,0 ;0,0 ;0,0 ;0 ;4,55 ;12,0 ;-1 ;2,14 ;29,7 ;0 ;0 ;7 ;0 ;
1307 ;0:28,20 ;4621 ;11 ;80;48;0,503 ;0,0 ;0,0 ;0,0 ;0,0 ;0 ;4,56 ;12,0 ;-1 ;2,10 ;29,9 ;0 ;0 ;8 ;0 ;
1307 ;0:28,30 ;5018 ;11 ;80;43;0,502 ;0,0 ;0,0 ;0,0 ;0,0 ;0 ;4,60 ;12,0 ;-1 ;2,08 ;30,2 ;0 ;0 ;8 ;0 ;
1307 ;0:28,40 ;5487 ;11 ;80;36;0,501 ;0,0 ;0,0 ;0,0 ;0,0 ;0 ;4,58 ;11,8 ;-1 ;1,84 ;29,3 ;0 ;0 ;8 ;0 ;
1307 ;0:28,50 ;6046 ;11 ;80;31;0,501 ;0,0 ;0,0 ;0,0 ;0,0 ;0 ;4,62 ;11,9 ;-1 ;1,65 ;28,7 ;0 ;0 ;8 ;0 ;
1307 ;0:28,60 ;6576 ;10 ;80;28;0,500 ;0,0 ;0,0 ;0,0 ;0,0 ;0 ;4,58 ;11,8 ;-1 ;1,61 ;27,5 ;0 ;0 ;8 ;0 ;
1307 ;0:28,70 ;7327 ;11 ;80;26;0,500 ;0,0 ;0,0 ;0,0 ;0,0 ;0 ;4,56 ;11,9 ;-1 ;1,58 ;26,6 ;0 ;0 ;9 ;0 ;
1307 ;0:28,80 ;8205 ;11 ;79;25;0,500 ;0,0 ;0,0 ;0,0 ;0,0 ;0 ;4,55 ;11,8 ;-1 ;1,69 ;27,0 ;0 ;0 ;11 ;0 ;
1307 ;0:28,90 ;8423 ;17 ;79;36;0,500 ;0,0 ;0,0 ;0,0 ;0,0 ;0 ;4,55 ;11,8 ;-1 ;1,98 ;30,9 ;0 ;0 ;14 ;0 ;
1307 ;0:29,00 ;8220 ;24 ;79;39;0,500 ;0,0 ;0,0 ;0,0 ;0,0 ;0 ;4,57 ;11,9 ;-1 ;2,09 ;31,4 ;0 ;0 ;14 ;0 ;
1307 ;0:29,10 ;8002 ;24 ;79;41;0,500 ;0,0 ;0,0 ;0,0 ;0,0 ;0 ;4,60 ;11,9 ;-1 ;2,10 ;32,5 ;0 ;0 ;14 ;0 ;
1307 ;0:29,20 ;7760 ;23 ;79;39;0,500 ;0,0 ;0,0 ;0,0 ;0,0 ;0 ;4,57 ;11,8 ;-1 ;2,07 ;31,0 ;0 ;0 ;13 ;0 ;
1307 ;0:29,30 ;8054 ;21 ;79;32;0,500 ;0,0 ;0,0 ;0,0 ;0,0 ;0 ;4,60 ;11,9 ;-1 ;1,69 ;29,1 ;0 ;0 ;11 ;0 ;
1307 ;0:29,40 ;9001 ;11 ;79;23;0,500 ;0,0 ;0,0 ;0,0 ;0,0 ;0 ;4,54 ;11,9 ;-1 ;1,74 ;27,0 ;0 ;0 ;13 ;0 ;
1307 ;0:29,50 ;9931 ;8 ;79;23;0,500 ;0,0 ;0,0 ;0,0 ;0,0 ;0 ;4,53 ;11,8 ;-1 ;1,79 ;27,0 ;0 ;0 ;15 ;0 ;
1307 ;0:29,60 ;10997 ;2 ;79;25;0,500 ;0,0 ;0,0 ;0,0 ;0,0 ;0 ;4,60 ;11,8 ;-1 ;2,06 ;27,0 ;0 ;0 ;19 ;0 ;
1307 ;0:29,70 ;12112 ;2 ;79;38;0,500 ;0,0 ;0,0 ;0,0 ;0,0 ;0 ;4,57 ;11,8 ;-1 ;2,24 ;32,7 ;0 ;0 ;23 ;0 ;
1307 ;0:29,80 ;11488 ;80 ;79;81;0,500 ;0,0 ;0,0 ;0,0 ;0,0 ;0 ;4,54 ;11,8 ;-1 ;5,20 ;44,1 ;0 ;0 ;50 ;0 ;
1307 ;0:29,90 ;9654 ;89 ;79;85;0,500 ;0,0 ;0,0 ;0,0 ;0,0 ;0 ;4,59 ;11,8 ;-1 ;5,68 ;41,1 ;0 ;0 ;46 ;0 ;
1307 ;0:30,00 ;8700 ;83 ;79;82;0,500 ;0,0 ;0,0 ;0,0 ;0,0 ;0 ;4,59 ;11,9 ;-1 ;5,31 ;42,3 ;0 ;0 ;39 ;0 ;
1307 ;0:30,10 ;8848 ;47 ;79;45;0,500 ;0,0 ;0,0 ;0,0 ;0,0 ;0 ;4,62 ;11,9 ;-1 ;2,23 ;35,7 ;0 ;0 ;16 ;0 ;
1307 ;0:30,20 ;9370 ;15 ;79;27;0,500 ;0,0 ;0,0 ;0,0 ;0,0 ;0 ;4,58 ;11,9 ;-1 ;1,88 ;27,8 ;0 ;0 ;14 ;0 ;
1307 ;0:30,30 ;10336 ;0 ;79;27;0,500 ;0,0 ;0,0 ;0,0 ;0,0 ;0 ;4,55 ;11,8 ;-1 ;2,02 ;27,8 ;0 ;0 ;17 ;0 ;
1307 ;0:30,40 ;11398 ;10 ;79;44;0,500 ;0,0 ;0,0 ;0,0 ;0,0 ;0 ;4,57 ;11,8 ;-1 ;2,37 ;35,7 ;0 ;0 ;23 ;0 ;
1307 ;0:30,50 ;10257 ;83 ;79;81;0,500 ;0,0 ;0,0 ;0,0 ;0,0 ;0 ;4,57 ;11,8 ;-1 ;5,20 ;41,3 ;0 ;0 ;44 ;0 ;
1307 ;0:30,60 ;8819 ;85 ;79;84;0,500 ;0,0 ;0,0 ;0,0 ;0,0 ;0 ;4,53 ;11,9 ;-1 ;5,56 ;42,2 ;0 ;0 ;41 ;0 ;
1307 ;0:30,70 ;8761 ;60 ;79;59;0,500 ;0,0 ;0,0 ;0,0 ;0,0 ;0 ;4,62 ;11,9 ;-1 ;3,21 ;41,3 ;0 ;0 ;23 ;0 ;
1307 ;0:30,80 ;8720 ;26 ;79;30;0,500 ;0,0 ;0,0 ;0,0 ;0,0 ;0 ;4,61 ;11,9 ;-1 ;1,86 ;29,1 ;0 ;0 ;13 ;0 ;
1307 ;0:30,90 ;9694 ;5 ;79;25;0,500 ;0,0 ;0,0 ;0,0 ;0,0 ;0 ;4,59 ;11,8 ;-1 ;1,86 ;27,0 ;0 ;0 ;15 ;0 ;
1307 ;0:31,00 ;10726 ;0 ;79;31;0,500 ;0,0 ;0,0 ;0,0 ;0,0 ;0 ;4,61 ;11,8 ;-1 ;2,13 ;29,5 ;0 ;0 ;19 ;0 ;
1307 ;0:31,10 ;10290 ;50 ;79;69;0,500 ;0,0 ;0,0 ;0,0 ;0,0 ;0 ;4,53 ;11,8 ;-1 ;4,41 ;42,2 ;0 ;0 ;38 ;0 ;
1307 ;0:31,20 ;9775 ;62 ;79;69;0,500 ;0,0 ;0,0 ;0,0 ;0,0 ;0 ;4,57 ;11,8 ;-1 ;4,10 ;40,5 ;0 ;0 ;34 ;0 ;
1307 ;0:31,30 ;9780 ;54 ;78;47;0,500 ;0,0 ;0,0 ;0,0 ;0,0 ;0 ;4,52 ;11,9 ;-1 ;2,40 ;38,0 ;0 ;0 ;19 ;0 ;
1307 ;0:31,40 ;10212 ;19 ;78;24;0,500 ;0,0 ;0,0 ;0,0 ;0,0 ;0 ;4,62 ;11,8 ;-1 ;1,90 ;27,0 ;0 ;0 ;16 ;0 ;
1307 ;0:31,50 ;11268 ;4 ;78;24;0,500 ;0,0 ;0,0 ;0,0 ;0,0 ;0 ;4,61 ;11,8 ;-1 ;2,01 ;27,0 ;0 ;0 ;19 ;0 ;
1307 ;0:31,60 ;12351 ;2 ;78;35;0,500 ;0,0 ;0,0 ;0,0 ;0,0 ;0 ;4,58 ;11,8 ;-1 ;2,22 ;31,8 ;0 ;0 ;23 ;0 ;
1307 ;0:31,70 ;11996 ;62 ;78;65;0,500 ;0,0 ;0,0 ;0,0 ;0,0 ;0 ;4,56 ;11,7 ;-1 ;4,24 ;44,0 ;0 ;0 ;43 ;0 ;
1307 ;0:31,80 ;10863 ;59 ;78;57;0,500 ;0,0 ;0,0 ;0,0 ;0,0 ;0 ;4,57 ;11,8 ;-1 ;3,56 ;42,1 ;0 ;0 ;32 ;0 ;
1307 ;0:31,90 ;10623 ;43 ;78;38;0,500 ;0,0 ;0,0 ;0,0 ;0,0 ;0 ;4,54 ;11,8 ;-1 ;2,18 ;31,7 ;0 ;0 ;19 ;0 ;
1307 ;0:32,00 ;11733 ;12 ;78;22;0,500 ;0,0 ;0,0 ;0,0 ;0,0 ;0 ;4,57 ;11,8 ;-1 ;1,91 ;27,4 ;0 ;0 ;19 ;0 ;
1307 ;0:32,10 ;12922 ;5 ;78;33;0,500 ;0,0 ;0,0 ;0,0 ;0,0 ;0 ;4,60 ;11,8 ;-1 ;2,22 ;31,2 ;0 ;0 ;24 ;0 ;
1307 ;0:32,20 ;14087 ;55 ;78;75;0,500 ;0,0 ;0,0 ;0,0 ;0,0 ;0 ;4,54 ;11,9 ;-1 ;4,95 ;44,0 ;0 ;0 ;59 ;0 ;
1307 ;0:32,30 ;14044 ;93 ;78;82;0,500 ;0,0 ;0,0 ;0,0 ;0,0 ;0 ;4,55 ;12,0 ;-1 ;5,47 ;44,0 ;0 ;0 ;65 ;0 ;
1307 ;0:32,40 ;12159 ;87 ;78;81;0,500 ;0,0 ;0,0 ;0,0 ;0,0 ;0 ;4,56 ;11,8 ;-1 ;5,35 ;44,0 ;0 ;0 ;55 ;0 ;
1307 ;0:32,50 ;10364 ;84 ;78;83;0,500 ;0,0 ;0,0 ;0,0 ;0,0 ;0 ;4,55 ;11,8 ;-1 ;5,40 ;41,5 ;0 ;0 ;47 ;0 ;
1307 ;0:32,60 ;9407 ;76 ;78;77;0,500 ;0,0 ;0,0 ;0,0 ;0,0 ;0 ;4,55 ;11,8 ;-1 ;4,66 ;41,5 ;0 ;0 ;37 ;0 ;
1307 ;0:32,70 ;9422 ;48 ;78;45;0,500 ;0,0 ;0,0 ;0,0 ;0,0 ;0 ;4,61 ;11,9 ;-1 ;2,29 ;36,3 ;0 ;0 ;18 ;0 ;
1307 ;0:32,80 ;10075 ;9 ;78;26;0,500 ;0,0 ;0,0 ;0,0 ;0,0 ;0 ;4,55 ;11,8 ;-1 ;1,92 ;27,4 ;0 ;0 ;16 ;0 ;
1307 ;0:32,90 ;11154 ;5 ;78;37;0,500 ;0,0 ;0,0 ;0,0 ;0,0 ;0 ;4,58 ;11,8 ;-1 ;2,24 ;31,4 ;0 ;0 ;21 ;0 ;
1307 ;0:33,00 ;10492 ;66 ;78;79;0,500 ;0,0 ;0,0 ;0,0 ;0,0 ;0 ;4,52 ;11,8 ;-1 ;5,09 ;43,1 ;0 ;0 ;45 ;0 ;
1307 ;0:33,10 ;9323 ;77 ;78;82;0,500 ;0,0 ;0,0 ;0,0 ;0,0 ;0 ;4,56 ;11,9 ;-1 ;5,35 ;41,7 ;0 ;0 ;42 ;0 ;
1307 ;0:33,20 ;9469 ;61 ;78;57;0,500 ;0,0 ;0,0 ;0,0 ;0,0 ;0 ;4,55 ;11,9 ;-1 ;3,26 ;40,5 ;0 ;0 ;26 ;0 ;
1307 ;0:33,30 ;9522 ;27 ;78;30;0,500 ;0,0 ;0,0 ;0,0 ;0,0 ;0 ;4,56 ;11,8 ;-1 ;1,94 ;29,1 ;0 ;0 ;15 ;0 ;
1307 ;0:33,40 ;10557 ;1 ;78;30;0,500 ;0,0 ;0,0 ;0,0 ;0,0 ;0 ;4,58 ;11,8 ;-1 ;2,14 ;29,1 ;0 ;0 ;19 ;0 ;
1307 ;0:33,50 ;10831 ;34 ;77;62;0,500 ;0,0 ;0,0 ;0,0 ;0,0 ;0 ;4,56 ;11,8 ;-1 ;3,97 ;45,0 ;0 ;0 ;36 ;0 ;
1307 ;0:33,60 ;9630 ;75 ;78;78;0,500 ;0,0 ;0,0 ;0,0 ;0,0 ;0 ;4,53 ;11,8 ;-1 ;4,85 ;41,1 ;0 ;0 ;39 ;0 ;
1307 ;0:33,70 ;9412 ;64 ;77;58;0,500 ;0,0 ;0,0 ;0,0 ;0,0 ;0 ;4,53 ;11,9 ;-1 ;3,30 ;40,5 ;0 ;0 ;26 ;0 ;
1307 ;0:33,80 ;9431 ;28 ;77;30;0,500 ;0,0 ;0,0 ;0,0 ;0,0 ;0 ;4,58 ;11,9 ;-1 ;1,94 ;29,1 ;0 ;0 ;15 ;0 ;
1307 ;0:33,90 ;10463 ;8 ;77;32;0,500 ;0,0 ;0,0 ;0,0 ;0,0 ;0 ;4,57 ;11,8 ;-1 ;2,16 ;30,0 ;0 ;0 ;19 ;0 ;
1307 ;0:34,00 ;10623 ;41 ;77;64;0,500 ;0,0 ;0,0 ;0,0 ;0,0 ;0 ;4,54 ;11,8 ;-1 ;4,12 ;44,8 ;0 ;0 ;37 ;0 ;
1307 ;0:34,10 ;8187 ;69 ;77;84;0,500 ;0,0 ;0,0 ;0,0 ;0,0 ;0 ;4,57 ;11,9 ;-1 ;5,28 ;43,5 ;0 ;0 ;36 ;0 ;
1307 ;0:34,20 ;6865 ;61 ;77;71;0,500 ;0,0 ;0,0 ;0,0 ;0,0 ;0 ;4,56 ;12,0 ;-1 ;3,66 ;38,3 ;0 ;0 ;21 ;0 ;
1307 ;0:34,30 ;6684 ;26 ;77;40;0,500 ;0,0 ;0,0 ;0,0 ;0,0 ;0 ;4,57 ;11,8 ;-1 ;2,07 ;31,7 ;0 ;0 ;11 ;0 ;
1307 ;0:34,40 ;7640 ;3 ;77;34;0,500 ;0,0 ;0,0 ;0,0 ;0,0 ;0 ;4,58 ;11,9 ;-1 ;1,77 ;29,5 ;0 ;0 ;11 ;0 ;
1307 ;0:34,50 ;8159 ;17 ;77;63;0,501 ;0,0 ;0,0 ;0,0 ;0,0 ;0 ;4,56 ;11,9 ;-1 ;3,26 ;44,8 ;0 ;0 ;22 ;0 ;
1307 ;0:34,60 ;5986 ;59 ;77;84;0,502 ;0,0 ;0,0 ;0,0 ;0,0 ;0 ;4,61 ;12,0 ;-1 ;4,68 ;33,9 ;0 ;0 ;22 ;0 ;
1307 ;0:34,70 ;4452 ;42 ;77;72;0,502 ;0,0 ;0,0 ;0,0 ;0,0 ;0 ;4,53 ;11,8 ;-1 ;3,15 ;29,2 ;0 ;0 ;11 ;0 ;
1307 ;0:34,80 ;4780 ;20 ;77;50;0,502 ;0,0 ;0,0 ;0,0 ;0,0 ;0 ;4,51 ;11,9 ;-1 ;2,19 ;30,0 ;0 ;0 ;8 ;0 ;
1307 ;0:34,90 ;5477 ;5 ;77;54;0,500 ;0,0 ;0,0 ;0,0 ;0,0 ;0 ;4,52 ;11,9 ;-1 ;3,78 ;33,9 ;0 ;0 ;17 ;0 ;
1307 ;0:35,00 ;5815 ;37 ;77;80;0,500 ;0,0 ;0,0 ;0,0 ;0,0 ;0 ;4,63 ;11,7 ;-1 ;7,78 ;33,3 ;0 ;0 ;37 ;0 ;
1307 ;0:35,10 ;4428 ;43 ;77;86;0,502 ;0,0 ;0,0 ;0,0 ;0,0 ;0 ;4,48 ;11,8 ;-1 ;7,75 ;29,0 ;0 ;0 ;28 ;0 ;
1307 ;0:35,20 ;3378 ;38 ;77;87;0,502 ;0,0 ;0,0 ;0,0 ;0,0 ;0 ;4,54 ;11,9 ;-1 ;5,91 ;23,5 ;0 ;0 ;16 ;0 ;
1307 ;0:35,30 ;3090 ;32 ;76;75;0,502 ;0,0 ;0,0 ;0,0 ;0,0 ;0 ;4,56 ;11,7 ;-1 ;4,86 ;19,5 ;0 ;0 ;12 ;0 ;
1307 ;0:35,40 ;3677 ;13 ;76;59;0,502 ;0,0 ;0,0 ;0,0 ;0,0 ;0 ;4,50 ;11,7 ;-1 ;4,30 ;25,9 ;0 ;0 ;13 ;0 ;
1307 ;0:35,50 ;4338 ;7 ;76;62;0,500 ;0,0 ;0,0 ;0,0 ;0,0 ;0 ;4,62 ;11,9 ;-1 ;4,96 ;29,2 ;0 ;0 ;17 ;0 ;
1307 ;0:35,60 ;4773 ;15 ;76;76;0,501 ;0,0 ;0,0 ;0,0 ;0,0 ;0 ;4,57 ;11,9 ;-1 ;6,88 ;28,5 ;0 ;0 ;27 ;0 ;
1307 ;0:35,70 ;4312 ;32 ;76;82;0,502 ;0,0 ;0,0 ;0,0 ;0,0 ;0 ;4,52 ;11,8 ;-1 ;8,39 ;29,3 ;0 ;0 ;29 ;0 ;
1307 ;0:35,80 ;3049 ;30 ;76;83;0,503 ;0,0 ;0,0 ;0,0 ;0,0 ;0 ;4,63 ;12,0 ;-1 ;5,69 ;22,1 ;0 ;0 ;14 ;0 ;
1307 ;0:35,90 ;2526 ;20 ;76;79;0,502 ;0,0 ;0,0 ;0,0 ;0,0 ;0 ;4,64 ;11,9 ;-1 ;4,88 ;15,1 ;0 ;0 ;12 ;0 ;
1307 ;0:36,00 ;2592 ;15 ;76;69;0,502 ;0,0 ;0,0 ;0,0 ;0,0 ;0 ;4,59 ;11,8 ;-1 ;4,58 ;11,2 ;0 ;0 ;11 ;0 ;
1307 ;0:36,10 ;3011 ;13 ;76;61;0,502 ;0,0 ;0,0 ;0,0 ;0,0 ;0 ;4,56 ;11,8 ;-1 ;4,57 ;15,1 ;0 ;0 ;11 ;0 ;
1307 ;0:36,20 ;3561 ;13 ;76;51;0,502 ;0,0 ;0,0 ;0,0 ;0,0 ;0 ;4,52 ;11,7 ;-1 ;4,09 ;24,6 ;0 ;0 ;12 ;0 ;
1307 ;0:36,30 ;4199 ;11 ;76;44;0,501 ;0,0 ;0,0 ;0,0 ;0,0 ;0 ;4,56 ;12,0 ;-1 ;3,73 ;28,0 ;0 ;0 ;13 ;0 ;
1307 ;0:36,40 ;4913 ;8 ;76;38;0,501 ;0,0 ;0,0 ;0,0 ;0,0 ;0 ;4,52 ;12,0 ;-1 ;3,90 ;29,0 ;0 ;0 ;16 ;0 ;
1307 ;0:36,50 ;5490 ;7 ;76;33;0,500 ;0,0 ;0,0 ;0,0 ;0,0 ;0 ;4,55 ;11,8 ;-1 ;1,67 ;28,2 ;0 ;0 ;7 ;0 ;
1307 ;0:36,60 ;6097 ;6 ;76;32;0,500 ;0,0 ;0,0 ;0,0 ;0,0 ;0 ;4,62 ;11,9 ;-1 ;1,67 ;29,0 ;0 ;0 ;8 ;0 ;
1307 ;0:36,70 ;6505 ;8 ;76;36;0,500 ;0,0 ;0,0 ;0,0 ;0,0 ;0 ;4,60 ;11,9 ;-1 ;1,88 ;30,1 ;0 ;0 ;10 ;0 ;
1307 ;0:36,80 ;6625 ;17 ;76;42;0,500 ;0,0 ;0,0 ;0,0 ;0,0 ;0 ;4,57 ;11,9 ;-1 ;2,09 ;33,1 ;0 ;0 ;11 ;0 ;
1307 ;0:36,90 ;6517 ;17 ;75;43;0,500 ;0,0 ;0,0 ;0,0 ;0,0 ;0 ;4,60 ;11,9 ;-1 ;2,11 ;33,7 ;0 ;0 ;11 ;0 ;
1307 ;0:37,00 ;6463 ;17 ;75;43;0,500 ;0,0 ;0,0 ;0,0 ;0,0 ;0 ;4,58 ;11,8 ;-1 ;2,11 ;33,7 ;0 ;0 ;11 ;0 ;
1307 ;0:37,10 ;6403 ;17 ;75;42;0,500 ;0,0 ;0,0 ;0,0 ;0,0 ;0 ;4,60 ;11,9 ;-1 ;2,09 ;32,9 ;0 ;0 ;11 ;0 ;
1307 ;0:37,20 ;6355 ;16 ;75;42;0,500 ;0,0 ;0,0 ;0,0 ;0,0 ;0 ;4,57 ;12,0 ;-1 ;2,09 ;32,9 ;0 ;0 ;11 ;0 ;
1307 ;0:37,30 ;6300 ;16 ;75;41;0,500 ;0,0 ;0,0 ;0,0 ;0,0 ;0 ;4,61 ;11,9 ;-1 ;2,08 ;32,3 ;0 ;0 ;11 ;0 ;
1307 ;0:37,40 ;6334 ;16 ;75;41;0,500 ;0,0 ;0,0 ;0,0 ;0,0 ;0 ;4,53 ;11,9 ;-1 ;2,08 ;32,3 ;0 ;0 ;11 ;0 ;
1307 ;0:37,50 ;6283 ;16 ;75;41;0,500 ;0,0 ;0,0 ;0,0 ;0,0 ;0 ;4,54 ;11,9 ;-1 ;2,08 ;32,3 ;0 ;0 ;11 ;0 ;
1307 ;0:37,60 ;6287 ;16 ;75;41;0,500 ;0,0 ;0,0 ;0,0 ;0,0 ;0 ;4,57 ;11,8 ;-1 ;2,08 ;32,3 ;0 ;0 ;11 ;0 ;
1307 ;0:37,70 ;6283 ;16 ;75;41;0,500 ;0,0 ;0,0 ;0,0 ;0,0 ;0 ;4,56 ;12,0 ;-1 ;2,08 ;32,3 ;0 ;0 ;11 ;0 ;
1307 ;0:37,80 ;6319 ;16 ;75;41;0,500 ;0,0 ;0,0 ;0,0 ;0,0 ;0 ;4,51 ;12,0 ;-1 ;2,08 ;32,3 ;0 ;0 ;11 ;0 ;
1307 ;0:37,90 ;6298 ;16 ;75;41;0,501 ;0,0 ;0,0 ;0,0 ;0,0 ;0 ;4,56 ;11,9 ;-1 ;2,08 ;32,3 ;0 ;0 ;11 ;0 ;
1307 ;0:38,00 ;6281 ;16 ;75;41;0,501 ;0,0 ;0,0 ;0,0 ;0,0 ;0 ;4,53 ;11,9 ;-1 ;2,08 ;32,3 ;0 ;0 ;10 ;0 ;
1307 ;0:38,10 ;6245 ;16 ;75;41;0,500 ;0,0 ;0,0 ;0,0 ;0,0 ;0 ;4,58 ;12,0 ;-1 ;2,08 ;32,3 ;0 ;0 ;10 ;0 ;
1307 ;0:38,20 ;6208 ;16 ;75;41;0,500 ;0,0 ;0,0 ;0,0 ;0,0 ;0 ;4,53 ;12,0 ;-1 ;2,08 ;32,3 ;0 ;0 ;10 ;0 ;
1307 ;0:38,30 ;6212 ;17 ;75;41;0,501 ;0,0 ;0,0 ;0,0 ;0,0 ;0 ;4,61 ;11,7 ;-1 ;2,08 ;32,3 ;0 ;0 ;10 ;0 ;
1307 ;0:38,40 ;6218 ;16 ;75;41;0,501 ;0,0 ;0,0 ;0,0 ;0,0 ;0 ;4,58 ;11,9 ;-1 ;2,08 ;32,3 ;0 ;0 ;10 ;0 ;
1307 ;0:38,50 ;6220 ;16 ;74;41;0,501 ;0,0 ;0,0 ;0,0 ;0,0 ;0 ;4,62 ;11,9 ;-1 ;2,08 ;32,3 ;0 ;0 ;10 ;0 ;
1307 ;0:38,60 ;6243 ;16 ;74;41;0,502 ;0,0 ;0,0 ;0,0 ;0,0 ;0 ;4,58 ;11,8 ;-1 ;2,08 ;32,3 ;0 ;0 ;10 ;0 ;
1307 ;0:38,70 ;6237 ;17 ;74;41;0,501 ;0,0 ;0,0 ;0,0 ;0,0 ;0 ;4,58 ;11,8 ;-1 ;2,08 ;32,3 ;0 ;0 ;10 ;0 ;
1307 ;0:38,80 ;6270 ;17 ;74;41;0,500 ;0,0 ;0,0 ;0,0 ;0,0 ;0 ;4,56 ;11,9 ;-1 ;2,08 ;32,3 ;0 ;0 ;10 ;0 ;
1307 ;0:38,90 ;6190 ;17 ;74;42;0,502 ;0,0 ;0,0 ;0,0 ;0,0 ;0 ;4,53 ;11,9 ;-1 ;2,09 ;32,9 ;0 ;0 ;10 ;0 ;
1307 ;0:39,00 ;6147 ;16 ;74;42;0,501 ;0,0 ;0,0 ;0,0 ;0,0 ;0 ;4,61 ;11,8 ;-1 ;2,09 ;32,9 ;0 ;0 ;10 ;0 ;
1307 ;0:39,10 ;6139 ;16 ;74;42;0,503 ;0,0 ;0,0 ;0,0 ;0,0 ;0 ;4,52 ;11,9 ;-1 ;2,09 ;32,9 ;0 ;0 ;10 ;0 ;
1307 ;0:39,20 ;6085 ;16 ;74;43;0,500 ;0,0 ;0,0 ;0,0 ;0,0 ;0 ;4,60 ;11,8 ;-1 ;2,10 ;33,5 ;0 ;0 ;10 ;0 ;
1307 ;0:39,30 ;6036 ;17 ;74;43;0,500 ;0,0 ;0,0 ;0,0 ;0,0 ;0 ;4,58 ;11,8 ;-1 ;2,10 ;33,5 ;0 ;0 ;10 ;0 ;
1307 ;0:39,40 ;5984 ;17 ;74;43;0,500 ;0,0 ;0,0 ;0,0 ;0,0 ;0 ;4,53 ;11,9 ;-1 ;2,09 ;33,3 ;0 ;0 ;10 ;0 ;
1307 ;0:39,50 ;5982 ;17 ;74;42;0,500 ;0,0 ;0,0 ;0,0 ;0,0 ;0 ;4,60 ;11,7 ;-1 ;2,09 ;32,7 ;0 ;0 ;10 ;0 ;
1307 ;0:39,60 ;6013 ;17 ;74;41;0,504 ;0,0 ;0,0 ;0,0 ;0,0 ;0 ;4,54 ;11,8 ;-1 ;2,08 ;32,2 ;0 ;0 ;10 ;0 ;
1307 ;0:39,70 ;6060 ;17 ;74;41;0,503 ;0,0 ;0,0 ;0,0 ;0,0 ;0 ;4,59 ;11,8 ;-1 ;2,08 ;32,2 ;0 ;0 ;10 ;0 ;
1307 ;0:39,80 ;6091 ;16 ;74;41;0,500 ;0,0 ;0,0 ;0,0 ;0,0 ;0 ;4,62 ;11,9 ;-1 ;2,08 ;32,2 ;0 ;0 ;10 ;0 ;
1307 ;0:39,90 ;6123 ;16 ;74;41;0,501 ;0,0 ;0,0 ;0,0 ;0,0 ;0 ;4,64 ;11,8 ;-1 ;2,08 ;32,2 ;0 ;0 ;10 ;0 ;
1307 ;0:40,00 ;6139 ;16 ;74;42;0,501 ;0,0 ;0,0 ;0,0 ;0,0 ;0 ;4,65 ;11,8 ;-1 ;2,09 ;32,9 ;0 ;0 ;10 ;0 ;
1307 ;0:40,10 ;6105 ;17 ;74;43;0,502 ;0,0 ;0,0 ;0,0 ;0,0 ;0 ;4,54 ;11,9 ;-1 ;2,10 ;33,5 ;0 ;0 ;10 ;0 ;
1307 ;0:40,20 ;6058 ;15 ;73;43;0,500 ;0,0 ;0,0 ;0,0 ;0,0 ;0 ;4,61 ;11,8 ;-1 ;2,10 ;33,5 ;0 ;0 ;10 ;0 ;
1307 ;0:40,30 ;6032 ;16 ;73;42;0,500 ;0,0 ;0,0 ;0,0 ;0,0 ;0 ;4,62 ;11,7 ;-1 ;2,09 ;32,8 ;0 ;0 ;10 ;0 ;
1307 ;0:40,40 ;6079 ;15 ;73;40;0,502 ;0,0 ;0,0 ;0,0 ;0,0 ;0 ;4,65 ;11,8 ;-1 ;2,07 ;31,6 ;0 ;0 ;10 ;0 ;
1307 ;0:40,50 ;6184 ;16 ;73;38;0,501 ;0,0 ;0,0 ;0,0 ;0,0 ;0 ;4,53 ;12,0 ;-1 ;2,00 ;30,7 ;0 ;0 ;10 ;0 ;
1307 ;0:40,60 ;6423 ;16 ;73;35;0,501 ;0,0 ;0,0 ;0,0 ;0,0 ;0 ;4,56 ;11,9 ;-1 ;1,83 ;29,8 ;0 ;0 ;9 ;0 ;
1307 ;0:40,70 ;6734 ;16 ;73;33;0,501 ;0,0 ;0,0 ;0,0 ;0,0 ;0 ;4,56 ;11,9 ;-1 ;1,72 ;29,2 ;0 ;0 ;9 ;0 ;
1307 ;0:40,80 ;7051 ;14 ;73;30;0,500 ;0,0 ;0,0 ;0,0 ;0,0 ;0 ;4,58 ;11,8 ;-1 ;1,64 ;28,1 ;0 ;0 ;9 ;0 ;
1307 ;0:40,90 ;7606 ;16 ;73;29;0,500 ;0,0 ;0,0 ;0,0 ;0,0 ;0 ;4,56 ;11,9 ;-1 ;1,62 ;27,9 ;0 ;0 ;10 ;0 ;
1307 ;0:41,00 ;8363 ;16 ;73;27;0,500 ;0,0 ;0,0 ;0,0 ;0,0 ;0 ;4,57 ;11,8 ;-1 ;1,77 ;27,7 ;0 ;0 ;12 ;0 ;
1307 ;0:41,10 ;8761 ;18 ;73;33;0,500 ;0,0 ;0,0 ;0,0 ;0,0 ;0 ;4,57 ;11,9 ;-1 ;1,89 ;30,2 ;0 ;0 ;13 ;0 ;
1307 ;0:41,20 ;8692 ;28 ;73;39;0,500 ;0,0 ;0,0 ;0,0 ;0,0 ;0 ;4,56 ;11,8 ;-1 ;2,10 ;32,0 ;0 ;0 ;15 ;0 ;
1307 ;0:41,30 ;8692 ;27 ;73;37;0,500 ;0,0 ;0,0 ;0,0 ;0,0 ;0 ;4,55 ;11,8 ;-1 ;2,03 ;31,4 ;0 ;0 ;14 ;0 ;
1307 ;0:41,40 ;8852 ;23 ;73;31;0,500 ;0,0 ;0,0 ;0,0 ;0,0 ;0 ;4,60 ;11,9 ;-1 ;1,86 ;29,5 ;0 ;0 ;13 ;0 ;
1307 ;0:41,50 ;9720 ;17 ;73;26;0,500 ;0,0 ;0,0 ;0,0 ;0,0 ;0 ;4,60 ;11,8 ;-1 ;1,88 ;27,4 ;0 ;0 ;15 ;0 ;
1307 ;0:41,60 ;10665 ;16 ;73;23;0,500 ;0,0 ;0,0 ;0,0 ;0,0 ;0 ;4,58 ;11,8 ;-1 ;1,96 ;27,0 ;0 ;0 ;17 ;0 ;
1307 ;0:41,70 ;11807 ;4 ;73;21;0,500 ;0,0 ;0,0 ;0,0 ;0,0 ;0 ;4,56 ;11,7 ;-1 ;1,86 ;27,6 ;0 ;0 ;18 ;0 ;
1307 ;0:41,80 ;13111 ;9 ;73;39;0,500 ;0,0 ;0,0 ;0,0 ;0,0 ;0 ;4,49 ;11,7 ;-1 ;2,25 ;33,0 ;0 ;0 ;25 ;0 ;
1307 ;0:41,90 ;13807 ;85 ;73;79;0,500 ;0,0 ;0,0 ;0,0 ;0,0 ;0 ;4,57 ;11,7 ;-1 ;5,20 ;44,0 ;0 ;0 ;61 ;0 ;
1307 ;0:42,00 ;11295 ;86 ;72;81;0,500 ;0,0 ;0,0 ;0,0 ;0,0 ;0 ;4,53 ;11,7 ;-1 ;5,20 ;44,2 ;0 ;0 ;49 ;0 ;
1307 ;0:42,10 ;7700 ;80 ;72;91;0,501 ;0,0 ;0,0 ;0,0 ;0,0 ;0 ;4,59 ;11,7 ;-1 ;5,53 ;42,5 ;0 ;0 ;34 ;0 ;
1307 ;0:42,20 ;5364 ;75 ;72;94;0,502 ;0,0 ;0,0 ;0,0 ;0,0 ;0 ;4,59 ;11,8 ;-1 ;5,56 ;29,0 ;0 ;0 ;24 ;0 ;
1307 ;0:42,30 ;4530 ;74 ;72;94;0,502 ;0,0 ;0,0 ;0,0 ;0,0 ;0 ;4,69 ;11,9 ;-1 ;5,55 ;28,8 ;0 ;0 ;20 ;0 ;
1307 ;0:42,40 ;4419 ;73 ;72;94;0,502 ;0,0 ;0,0 ;0,0 ;0,0 ;0 ;4,69 ;12,0 ;-1 ;5,52 ;29,0 ;0 ;0 ;20 ;0 ;
1307 ;0:42,50 ;4615 ;69 ;72;93;0,501 ;0,0 ;0,0 ;0,0 ;0,0 ;0 ;4,69 ;12,0 ;-1 ;5,32 ;28,7 ;0 ;0 ;20 ;0 ;
1307 ;0:42,60 ;5136 ;66 ;72;91;0,501 ;0,0 ;0,0 ;0,0 ;0,0 ;0 ;4,70 ;11,9 ;-1 ;5,00 ;28,4 ;0 ;0 ;21 ;0 ;
1307 ;0:42,70 ;5567 ;66 ;72;88;0,500 ;0,0 ;0,0 ;0,0 ;0,0 ;0 ;4,56 ;11,7 ;-1 ;4,75 ;30,5 ;0 ;0 ;22 ;0 ;
1307 ;0:42,80 ;6075 ;54 ;72;74;0,500 ;0,0 ;0,0 ;0,0 ;0,0 ;0 ;4,61 ;11,9 ;-1 ;3,97 ;35,3 ;0 ;0 ;20 ;0 ;
1307 ;0:42,90 ;6434 ;36 ;72;56;0,501 ;0,0 ;0,0 ;0,0 ;0,0 ;0 ;4,60 ;11,9 ;-1 ;2,57 ;38,9 ;0 ;0 ;13 ;0 ;
1307 ;0:43,00 ;6358 ;25 ;72;43;0,501 ;0,0 ;0,0 ;0,0 ;0,0 ;0 ;4,61 ;11,8 ;-1 ;2,10 ;33,6 ;0 ;0 ;11 ;0 ;
1307 ;0:43,10 ;6483 ;19 ;72;33;0,500 ;0,0 ;0,0 ;0,0 ;0,0 ;0 ;4,60 ;11,8 ;-1 ;1,72 ;29,2 ;0 ;0 ;9 ;0 ;
1307 ;0:43,20 ;7295 ;9 ;72;27;0,500 ;0,0 ;0,0 ;0,0 ;0,0 ;0 ;4,57 ;11,7 ;-1 ;1,59 ;27,0 ;0 ;0 ;9 ;0 ;
1307 ;0:43,30 ;8134 ;0 ;72;30;0,500 ;0,0 ;0,0 ;0,0 ;0,0 ;0 ;4,57 ;11,8 ;-1 ;1,70 ;28,5 ;0 ;0 ;11 ;0 ;
1307 ;0:43,40 ;7494 ;14 ;72;59;0,500 ;0,0 ;0,0 ;0,0 ;0,0 ;0 ;4,58 ;11,9 ;-1 ;2,85 ;42,2 ;0 ;0 ;18 ;0 ;
1307 ;0:43,50 ;7518 ;52 ;72;68;0,500 ;0,0 ;0,0 ;0,0 ;0,0 ;0 ;4,57 ;11,7 ;-1 ;3,41 ;42,2 ;0 ;0 ;21 ;0 ;
1307 ;0:43,60 ;7968 ;43 ;72;47;0,500 ;0,0 ;0,0 ;0,0 ;0,0 ;0 ;4,56 ;11,8 ;-1 ;2,22 ;37,0 ;0 ;0 ;14 ;0 ;
1307 ;0:43,70 ;8340 ;16 ;72;25;0,500 ;0,0 ;0,0 ;0,0 ;0,0 ;0 ;4,58 ;11,9 ;-1 ;1,78 ;27,0 ;0 ;0 ;12 ;0 ;
1307 ;0:43,80 ;9346 ;10 ;72;22;0,500 ;0,0 ;0,0 ;0,0 ;0,0 ;0 ;4,57 ;11,7 ;-1 ;1,69 ;27,0 ;0 ;0 ;13 ;0 ;
1307 ;0:43,90 ;10330 ;9 ;72;21;0,500 ;0,0 ;0,0 ;0,0 ;0,0 ;0 ;4,58 ;11,7 ;-1 ;1,83 ;27,0 ;0 ;0 ;16 ;0 ;
1307 ;0:44,00 ;11405 ;8 ;72;19;0,500 ;0,0 ;0,0 ;0,0 ;0,0 ;0 ;4,61 ;11,7 ;-1 ;1,78 ;27,0 ;0 ;0 ;17 ;0 ;
1307 ;0:44,10 ;12617 ;0 ;71;25;0,500 ;0,0 ;0,0 ;0,0 ;0,0 ;0 ;4,62 ;11,7 ;-1 ;2,06 ;28,0 ;0 ;0 ;22 ;0 ;
1307 ;0:44,20 ;13817 ;28 ;71;60;0,500 ;0,0 ;0,0 ;0,0 ;0,0 ;0 ;4,52 ;11,7 ;-1 ;3,95 ;43,4 ;0 ;0 ;46 ;0 ;
1307 ;0:44,30 ;12922 ;99 ;71;81;0,500 ;0,0 ;0,0 ;0,0 ;0,0 ;0 ;4,55 ;11,7 ;-1 ;5,39 ;44,0 ;0 ;0 ;59 ;0 ;
1307 ;0:44,40 ;10894 ;95 ;71;82;0,500 ;0,0 ;0,0 ;0,0 ;0,0 ;0 ;4,50 ;11,7 ;-1 ;5,32 ;44,0 ;0 ;0 ;49 ;0 ;
1307 ;0:44,50 ;10113 ;70 ;71;57;0,500 ;0,0 ;0,0 ;0,0 ;0,0 ;0 ;4,60 ;11,8 ;-1 ;3,41 ;40,7 ;0 ;0 ;29 ;0 ;
1307 ;0:44,60 ;10469 ;17 ;71;24;0,500 ;0,0 ;0,0 ;0,0 ;0,0 ;0 ;4,55 ;11,7 ;-1 ;1,99 ;27,0 ;0 ;0 ;17 ;0 ;
1307 ;0:44,70 ;11631 ;0 ;71;31;0,500 ;0,0 ;0,0 ;0,0 ;0,0 ;0 ;4,58 ;11,7 ;-1 ;2,14 ;29,7 ;0 ;0 ;21 ;0 ;
1307 ;0:44,80 ;12392 ;62 ;71;77;0,500 ;0,0 ;0,0 ;0,0 ;0,0 ;0 ;4,53 ;11,7 ;-1 ;4,95 ;44,0 ;0 ;0 ;51 ;0 ;
1307 ;0:44,90 ;9010 ;100 ;71;87;0,500 ;0,0 ;0,0 ;0,0 ;0,0 ;0 ;4,60 ;11,8 ;-1 ;5,89 ;41,8 ;0 ;0 ;44 ;0 ;
1307 ;0:45,00 ;6038 ;100 ;71;94;0,501 ;0,0 ;0,0 ;0,0 ;0,0 ;0 ;4,51 ;11,8 ;-1 ;5,26 ;31,8 ;0 ;0 ;26 ;0 ;
1307 ;0:45,10 ;4740 ;100 ;71;96;0,502 ;0,0 ;0,0 ;0,0 ;0,0 ;0 ;4,62 ;11,9 ;-1 ;6,11 ;28,4 ;0 ;0 ;23 ;0 ;
1307 ;0:45,20 ;3991 ;100 ;71;96;0,503 ;0,0 ;0,0 ;0,0 ;0,0 ;0 ;4,48 ;11,7 ;-1 ;6,00 ;29,5 ;0 ;0 ;19 ;0 ;
1307 ;0:45,30 ;3660 ;100 ;71;96;0,502 ;0,0 ;0,0 ;0,0 ;0,0 ;0 ;4,65 ;11,9 ;-1 ;5,92 ;25,8 ;0 ;0 ;18 ;0 ;
1307 ;0:45,40 ;4169 ;75 ;71;86;0,503 ;0,0 ;0,0 ;0,0 ;0,0 ;0 ;4,65 ;11,9 ;-1 ;4,15 ;29,4 ;0 ;0 ;14 ;0 ;
1307 ;0:45,50 ;4015 ;20 ;71;51;0,503 ;0,0 ;0,0 ;0,0 ;0,0 ;0 ;4,57 ;11,8 ;-1 ;2,14 ;29,5 ;0 ;0 ;7 ;0 ;
1307 ;0:45,60 ;4027 ;11 ;71;49;0,503 ;0,0 ;0,0 ;0,0 ;0,0 ;0 ;4,57 ;12,0 ;-1 ;2,05 ;29,3 ;0 ;0 ;6 ;0 ;
1307 ;0:45,70 ;3991 ;11 ;71;49;0,503 ;0,0 ;0,0 ;0,0 ;0,0 ;0 ;4,60 ;11,7 ;-1 ;2,04 ;29,1 ;0 ;0 ;6 ;0 ;
1307 ;0:45,80 ;4033 ;11 ;71;49;0,503 ;0,0 ;0,0 ;0,0 ;0,0 ;0 ;4,58 ;11,8 ;-1 ;2,05 ;29,3 ;0 ;0 ;6 ;0 ;
1307 ;0:45,90 ;4059 ;11 ;71;49;0,503 ;0,0 ;0,0 ;0,0 ;0,0 ;0 ;4,57 ;11,9 ;-1 ;2,06 ;29,3 ;0 ;0 ;7 ;0 ;
1307 ;0:46,00 ;4047 ;11 ;71;49;0,503 ;0,0 ;0,0 ;0,0 ;0,0 ;0 ;4,56 ;11,9 ;-1 ;2,05 ;29,3 ;0 ;0 ;6 ;0 ;
1307 ;0:46,10 ;4043 ;11 ;71;49;0,503 ;0,0 ;0,0 ;0,0 ;0,0 ;0 ;4,59 ;11,9 ;-1 ;2,05 ;29,3 ;0 ;0 ;6 ;0 ;
1307 ;0:46,20 ;4076 ;11 ;71;49;0,503 ;0,0 ;0,0 ;0,0 ;0,0 ;0 ;4,60 ;11,7 ;-1 ;2,06 ;29,3 ;0 ;0 ;7 ;0 ;
1307 ;0:46,30 ;4049 ;11 ;71;49;0,503 ;0,0 ;0,0 ;0,0 ;0,0 ;0 ;4,60 ;11,8 ;-1 ;2,05 ;29,3 ;0 ;0 ;6 ;0 ;
1307 ;0:46,40 ;4036 ;11 ;71;49;0,503 ;0,0 ;0,0 ;0,0 ;0,0 ;0 ;4,60 ;11,9 ;-1 ;2,05 ;29,3 ;0 ;0 ;6 ;0 ;
1307 ;0:46,50 ;4072 ;11 ;71;49;0,503 ;0,0 ;0,0 ;0,0 ;0,0 ;0 ;4,60 ;11,8 ;-1 ;2,06 ;29,3 ;0 ;0 ;7 ;0 ;
1307 ;0:46,60 ;4034 ;11 ;71;49;0,502 ;0,0 ;0,0 ;0,0 ;0,0 ;0 ;4,58 ;11,9 ;-1 ;2,05 ;29,3 ;0 ;0 ;6 ;0 ;
1307 ;0:46,70 ;4005 ;11 ;71;49;0,503 ;0,0 ;0,0 ;0,0 ;0,0 ;0 ;4,58 ;11,9 ;-1 ;2,05 ;29,3 ;0 ;0 ;6 ;0 ;
1307 ;0:46,80 ;4033 ;11 ;71;49;0,502 ;0,0 ;0,0 ;0,0 ;0,0 ;0 ;4,57 ;11,9 ;-1 ;2,05 ;29,3 ;0 ;0 ;6 ;0 ;
1307 ;0:46,90 ;4042 ;11 ;71;49;0,503 ;0,0 ;0,0 ;0,0 ;0,0 ;0 ;4,58 ;11,9 ;-1 ;2,05 ;29,3 ;0 ;0 ;6 ;0 ;
1307 ;0:47,00 ;4010 ;11 ;71;49;0,503 ;0,0 ;0,0 ;0,0 ;0,0 ;0 ;4,62 ;11,7 ;-1 ;2,05 ;29,3 ;0 ;0 ;6 ;0 ;
1307 ;0:47,10 ;4029 ;11 ;71;49;0,503 ;0,0 ;0,0 ;0,0 ;0,0 ;0 ;4,59 ;11,9 ;-1 ;2,05 ;29,3 ;0 ;0 ;6 ;0 ;
1307 ;0:47,20 ;4069 ;11 ;71;49;0,502 ;0,0 ;0,0 ;0,0 ;0,0 ;0 ;4,60 ;11,7 ;-1 ;2,06 ;29,3 ;0 ;0 ;6 ;0 ;
1307 ;0:47,30 ;4074 ;11 ;71;49;0,503 ;0,0 ;0,0 ;0,0 ;0,0 ;0 ;4,61 ;11,9 ;-1 ;2,06 ;29,3 ;0 ;0 ;7 ;0 ;
1307 ;0:47,40 ;4044 ;11 ;71;49;0,503 ;0,0 ;0,0 ;0,0 ;0,0 ;0 ;4,58 ;11,7 ;-1 ;2,05 ;29,3 ;0 ;0 ;6 ;0 ;
1307 ;0:47,50 ;4088 ;11 ;71;49;0,503 ;0,0 ;0,0 ;0,0 ;0,0 ;0 ;4,58 ;11,9 ;-1 ;2,06 ;29,3 ;0 ;0 ;7 ;0 ;
1307 ;0:47,60 ;4092 ;11 ;71;49;0,503 ;0,0 ;0,0 ;0,0 ;0,0 ;0 ;4,55 ;11,8 ;-1 ;2,06 ;29,3 ;0 ;0 ;7 ;0 ;
1307 ;0:47,70 ;4065 ;11 ;71;48;0,503 ;0,0 ;0,0 ;0,0 ;0,0 ;0 ;4,56 ;11,7 ;-1 ;2,02 ;29,2 ;0 ;0 ;6 ;0 ;
1307 ;0:47,80 ;4033 ;11 ;71;49;0,503 ;0,0 ;0,0 ;0,0 ;0,0 ;0 ;4,60 ;11,8 ;-1 ;2,05 ;29,3 ;0 ;0 ;6 ;0 ;
1307 ;0:47,90 ;4022 ;10 ;71;49;0,503 ;0,0 ;0,0 ;0,0 ;0,0 ;0 ;4,60 ;11,8 ;-1 ;2,05 ;29,3 ;0 ;0 ;6 ;0 ;
1307 ;0:48,00 ;4033 ;11 ;71;49;0,503 ;0,0 ;0,0 ;0,0 ;0,0 ;0 ;4,59 ;11,9 ;-1 ;2,05 ;29,3 ;0 ;0 ;6 ;0 ;
1307 ;0:48,10 ;4067 ;11 ;71;48;0,503 ;0,0 ;0,0 ;0,0 ;0,0 ;0 ;4,60 ;11,9 ;-1 ;2,02 ;29,2 ;0 ;0 ;6 ;0 ;
1307 ;0:48,20 ;4057 ;11 ;71;49;0,503 ;0,0 ;0,0 ;0,0 ;0,0 ;0 ;4,58 ;11,9 ;-1 ;2,06 ;29,3 ;0 ;0 ;7 ;0 ;
1307 ;0:48,30 ;4047 ;11 ;71;49;0,503 ;0,0 ;0,0 ;0,0 ;0,0 ;0 ;4,58 ;11,9 ;-1 ;2,05 ;29,3 ;0 ;0 ;6 ;0 ;
1307 ;0:48,40 ;4036 ;11 ;71;49;0,503 ;0,0 ;0,0 ;0,0 ;0,0 ;0 ;4,58 ;11,9 ;-1 ;2,05 ;29,3 ;0 ;0 ;6 ;0 ;
1307 ;0:48,50 ;4024 ;11 ;71;49;0,503 ;0,0 ;0,0 ;0,0 ;0,0 ;0 ;4,58 ;11,8 ;-1 ;2,05 ;29,3 ;0 ;0 ;6 ;0 ;
1307 ;0:48,60 ;4011 ;11 ;71;48;0,502 ;0,0 ;0,0 ;0,0 ;0,0 ;0 ;4,62 ;11,7 ;-1 ;2,01 ;29,2 ;0 ;0 ;6 ;0 ;
1307 ;0:48,70 ;4054 ;11 ;71;49;0,503 ;0,0 ;0,0 ;0,0 ;0,0 ;0 ;4,61 ;11,9 ;-1 ;2,06 ;29,3 ;0 ;0 ;7 ;0 ;
1307 ;0:48,80 ;4033 ;10 ;71;48;0,503 ;0,0 ;0,0 ;0,0 ;0,0 ;0 ;4,58 ;11,7 ;-1 ;2,01 ;29,2 ;0 ;0 ;6 ;0 ;
1307 ;0:48,90 ;4051 ;11 ;71;49;0,503 ;0,0 ;0,0 ;0,0 ;0,0 ;0 ;4,57 ;11,9 ;-1 ;2,06 ;29,3 ;0 ;0 ;6 ;0 ;
1307 ;0:49,00 ;4056 ;10 ;71;48;0,503 ;0,0 ;0,0 ;0,0 ;0,0 ;0 ;4,58 ;11,8 ;-1 ;2,02 ;29,2 ;0 ;0 ;6 ;0 ;
1307 ;0:49,10 ;4052 ;11 ;71;49;0,503 ;0,0 ;0,0 ;0,0 ;0,0 ;0 ;4,56 ;11,9 ;-1 ;2,06 ;29,3 ;0 ;0 ;7 ;0 ;
1307 ;0:49,20 ;4057 ;11 ;71;48;0,503 ;0,0 ;0,0 ;0,0 ;0,0 ;0 ;4,57 ;11,7 ;-1 ;2,02 ;29,2 ;0 ;0 ;6 ;0 ;
1307 ;0:49,30 ;4036 ;11 ;72;49;0,503 ;0,0 ;0,0 ;0,0 ;0,0 ;0 ;4,57 ;11,9 ;-1 ;2,05 ;29,3 ;0 ;0 ;6 ;0 ;
1307 ;0:49,40 ;4020 ;11 ;72;48;0,503 ;0,0 ;0,0 ;0,0 ;0,0 ;0 ;4,58 ;11,7 ;-1 ;2,01 ;29,2 ;0 ;0 ;6 ;0 ;
1307 ;0:49,50 ;4029 ;11 ;72;48;0,503 ;0,0 ;0,0 ;0,0 ;0,0 ;0 ;4,56 ;11,8 ;-1 ;2,01 ;29,2 ;0 ;0 ;6 ;0 ;
1307 ;0:49,60 ;4050 ;11 ;72;48;0,503 ;0,0 ;0,0 ;0,0 ;0,0 ;0 ;4,60 ;11,9 ;-1 ;2,02 ;29,2 ;0 ;0 ;6 ;0 ;
1307 ;0:49,70 ;4047 ;11 ;72;48;0,503 ;0,0 ;0,0 ;0,0 ;0,0 ;0 ;4,58 ;11,8 ;-1 ;2,02 ;29,2 ;0 ;0 ;6 ;0 ;
1307 ;0:49,80 ;4130 ;11 ;72;47;0,503 ;0,0 ;0,0 ;0,0 ;0,0 ;0 ;4,57 ;11,7 ;-1 ;1,99 ;29,2 ;0 ;0 ;6 ;0 ;
1307 ;0:49,90 ;4162 ;11 ;72;47;0,502 ;0,0 ;0,0 ;0,0 ;0,0 ;0 ;4,58 ;11,9 ;-1 ;2,00 ;29,3 ;0 ;0 ;7 ;0 ;
1307 ;0:50,00 ;4233 ;11 ;72;47;0,503 ;0,0 ;0,0 ;0,0 ;0,0 ;0 ;4,56 ;11,9 ;-1 ;2,01 ;29,4 ;0 ;0 ;7 ;0 ;
1307 ;0:50,10 ;4296 ;11 ;72;47;0,502 ;0,0 ;0,0 ;0,0 ;0,0 ;0 ;4,58 ;11,8 ;-1 ;2,02 ;29,5 ;0 ;0 ;7 ;0 ;
1307 ;0:50,20 ;4395 ;11 ;72;48;0,502 ;0,0 ;0,0 ;0,0 ;0,0 ;0 ;4,62 ;11,8 ;-1 ;2,07 ;29,6 ;0 ;0 ;7 ;0 ;
1307 ;0:50,30 ;4437 ;11 ;72;48;0,502 ;0,0 ;0,0 ;0,0 ;0,0 ;0 ;4,60 ;11,6 ;-1 ;2,08 ;29,7 ;0 ;0 ;7 ;0 ;
1307 ;0:50,40 ;4467 ;12 ;72;49;0,503 ;0,0 ;0,0 ;0,0 ;0,0 ;0 ;4,57 ;11,7 ;-1 ;2,13 ;29,7 ;0 ;0 ;8 ;0 ;
1307 ;0:50,50 ;4492 ;13 ;72;49;0,502 ;0,0 ;0,0 ;0,0 ;0,0 ;0 ;4,52 ;11,9 ;-1 ;2,13 ;29,7 ;0 ;0 ;8 ;0 ;
1307 ;0:50,60 ;4468 ;13 ;72;49;0,503 ;0,0 ;0,0 ;0,0 ;0,0 ;0 ;4,55 ;11,7 ;-1 ;2,13 ;29,7 ;0 ;0 ;8 ;0 ;
1307 ;0:50,70 ;4468 ;13 ;72;50;0,502 ;0,0 ;0,0 ;0,0 ;0,0 ;0 ;4,53 ;11,9 ;-1 ;2,16 ;29,7 ;0 ;0 ;8 ;0 ;
1307 ;0:50,80 ;4444 ;13 ;72;49;0,502 ;0,0 ;0,0 ;0,0 ;0,0 ;0 ;4,55 ;11,8 ;-1 ;2,14 ;29,7 ;0 ;0 ;7 ;0 ;
1307 ;0:50,90 ;4421 ;13 ;72;50;0,503 ;0,0 ;0,0 ;0,0 ;0,0 ;0 ;4,64 ;11,9 ;-1 ;2,21 ;29,6 ;0 ;0 ;8 ;0 ;
1307 ;0:51,00 ;4427 ;13 ;73;50;0,503 ;0,0 ;0,0 ;0,0 ;0,0 ;0 ;4,56 ;11,7 ;-1 ;2,22 ;29,6 ;0 ;0 ;8 ;0 ;
1307 ;0:51,10 ;4422 ;13 ;73;50;0,503 ;0,0 ;0,0 ;0,0 ;0,0 ;0 ;4,60 ;11,6 ;-1 ;2,24 ;29,6 ;0 ;0 ;8 ;0 ;
1307 ;0:51,20 ;4411 ;13 ;73;50;0,502 ;0,0 ;0,0 ;0,0 ;0,0 ;0 ;4,62 ;11,8 ;-1 ;2,26 ;29,6 ;0 ;0 ;8 ;0 ;
1307 ;0:51,30 ;4431 ;13 ;73;50;0,502 ;0,0 ;0,0 ;0,0 ;0,0 ;0 ;4,57 ;11,8 ;-1 ;2,28 ;29,6 ;0 ;0 ;8 ;0 ;
1307 ;0:51,40 ;4341 ;13 ;73;50;0,502 ;0,0 ;0,0 ;0,0 ;0,0 ;0 ;4,58 ;11,8 ;-1 ;2,28 ;29,6 ;0 ;0 ;8 ;0 ;
1307 ;0:51,50 ;4305 ;13 ;73;50;0,502 ;0,0 ;0,0 ;0,0 ;0,0 ;0 ;4,63 ;11,9 ;-1 ;2,30 ;29,6 ;0 ;0 ;8 ;0 ;
1307 ;0:51,60 ;4292 ;13 ;73;50;0,503 ;0,0 ;0,0 ;0,0 ;0,0 ;0 ;4,55 ;11,9 ;-1 ;2,31 ;29,6 ;0 ;0 ;8 ;0 ;
1307 ;0:51,70 ;4361 ;13 ;73;50;0,502 ;0,0 ;0,0 ;0,0 ;0,0 ;0 ;4,58 ;11,7 ;-1 ;2,35 ;29,6 ;0 ;0 ;8 ;0 ;
1307 ;0:51,80 ;4273 ;13 ;73;50;0,503 ;0,0 ;0,0 ;0,0 ;0,0 ;0 ;4,63 ;11,9 ;-1 ;2,35 ;29,5 ;0 ;0 ;8 ;0 ;
1307 ;0:51,90 ;4256 ;13 ;73;50;0,502 ;0,0 ;0,0 ;0,0 ;0,0 ;0 ;4,61 ;11,9 ;-1 ;2,36 ;29,5 ;0 ;0 ;8 ;0 ;
1307 ;0:52,00 ;4253 ;12 ;73;50;0,503 ;0,0 ;0,0 ;0,0 ;0,0 ;0 ;4,56 ;11,8 ;-1 ;2,38 ;29,5 ;0 ;0 ;8 ;0 ;
1307 ;0:52,10 ;4291 ;13 ;73;50;0,502 ;0,0 ;0,0 ;0,0 ;0,0 ;0 ;4,58 ;11,7 ;-1 ;2,40 ;29,6 ;0 ;0 ;8 ;0 ;
1307 ;0:52,20 ;4290 ;13 ;74;50;0,502 ;0,0 ;0,0 ;0,0 ;0,0 ;0 ;4,57 ;11,9 ;-1 ;2,42 ;29,6 ;0 ;0 ;8 ;0 ;
1307 ;0:52,30 ;4250 ;12 ;74;51;0,503 ;0,0 ;0,0 ;0,0 ;0,0 ;0 ;4,61 ;11,9 ;-1 ;2,47 ;29,6 ;0 ;0 ;8 ;0 ;
1307 ;0:52,40 ;4196 ;12 ;74;51;0,503 ;0,0 ;0,0 ;0,0 ;0,0 ;0 ;4,55 ;11,7 ;-1 ;2,47 ;29,5 ;0 ;0 ;8 ;0 ;
1307 ;0:52,50 ;4125 ;12 ;74;51;0,502 ;0,0 ;0,0 ;0,0 ;0,0 ;0 ;4,62 ;11,9 ;-1 ;2,47 ;29,5 ;0 ;0 ;8 ;0 ;
1307 ;0:52,60 ;3984 ;13 ;74;51;0,502 ;0,0 ;0,0 ;0,0 ;0,0 ;0 ;4,57 ;11,6 ;-1 ;2,44 ;29,3 ;0 ;0 ;8 ;0 ;
1307 ;0:52,70 ;4159 ;12 ;74;50;0,502 ;0,0 ;0,0 ;0,0 ;0,0 ;0 ;4,56 ;11,8 ;-1 ;2,45 ;29,5 ;0 ;0 ;8 ;0 ;
1307 ;0:52,80 ;4233 ;12 ;74;50;0,502 ;0,0 ;0,0 ;0,0 ;0,0 ;0 ;4,56 ;11,9 ;-1 ;2,46 ;29,5 ;0 ;0 ;8 ;0 ;
1307 ;0:52,90 ;4274 ;12 ;74;50;0,503 ;0,0 ;0,0 ;0,0 ;0,0 ;0 ;4,58 ;11,8 ;-1 ;2,46 ;29,5 ;0 ;0 ;8 ;0 ;
1307 ;0:53,00 ;4207 ;12 ;74;50;0,502 ;0,0 ;0,0 ;0,0 ;0,0 ;0 ;4,53 ;11,6 ;-1 ;2,46 ;29,5 ;0 ;0 ;8 ;0 ;
1307 ;0:53,10 ;4243 ;12 ;74;50;0,502 ;0,0 ;0,0 ;0,0 ;0,0 ;0 ;4,57 ;11,8 ;-1 ;2,46 ;29,5 ;0 ;0 ;8 ;0 ;
1307 ;0:53,20 ;4263 ;13 ;74;50;0,502 ;0,0 ;0,0 ;0,0 ;0,0 ;0 ;4,57 ;11,9 ;-1 ;2,46 ;29,5 ;0 ;0 ;8 ;0 ;
1307 ;0:53,30 ;4264 ;13 ;75;50;0,502 ;0,0 ;0,0 ;0,0 ;0,0 ;0 ;4,62 ;11,9 ;-1 ;2,46 ;29,5 ;0 ;0 ;8 ;0 ;
1307 ;0:53,40 ;4214 ;13 ;75;50;0,502 ;0,0 ;0,0 ;0,0 ;0,0 ;0 ;4,61 ;11,8 ;-1 ;2,46 ;29,5 ;0 ;0 ;8 ;0 ;
1307 ;0:53,50 ;4203 ;12 ;75;51;0,503 ;0,0 ;0,0 ;0,0 ;0,0 ;0 ;4,64 ;11,9 ;-1 ;2,52 ;29,5 ;0 ;0 ;8 ;0 ;
1307 ;0:53,60 ;4217 ;12 ;75;51;0,503 ;0,0 ;0,0 ;0,0 ;0,0 ;0 ;4,63 ;11,8 ;-1 ;2,53 ;29,6 ;0 ;0 ;8 ;0 ;
1307 ;0:53,70 ;4228 ;12 ;75;51;0,503 ;0,0 ;0,0 ;0,0 ;0,0 ;0 ;4,62 ;11,8 ;-1 ;2,56 ;29,6 ;0 ;0 ;9 ;0 ;
1307 ;0:53,80 ;4186 ;12 ;75;50;0,502 ;0,0 ;0,0 ;0,0 ;0,0 ;0 ;4,61 ;11,9 ;-1 ;2,51 ;29,5 ;0 ;0 ;8 ;0 ;
1307 ;0:53,90 ;4215 ;13 ;75;50;0,502 ;0,0 ;0,0 ;0,0 ;0,0 ;0 ;4,62 ;11,9 ;-1 ;2,52 ;29,5 ;0 ;0 ;8 ;0 ;
1307 ;0:54,00 ;4280 ;13 ;75;50;0,502 ;0,0 ;0,0 ;0,0 ;0,0 ;0 ;4,57 ;11,8 ;-1 ;2,52 ;29,5 ;0 ;0 ;8 ;0 ;
1307 ;0:54,10 ;4258 ;13 ;75;50;0,502 ;0,0 ;0,0 ;0,0 ;0,0 ;0 ;4,55 ;11,6 ;-1 ;2,52 ;29,5 ;0 ;0 ;9 ;0 ;
1307 ;0:54,20 ;4252 ;12 ;76;51;0,502 ;0,0 ;0,0 ;0,0 ;0,0 ;0 ;4,61 ;11,6 ;-1 ;2,58 ;29,6 ;0 ;0 ;9 ;0 ;
1307 ;0:54,30 ;4222 ;13 ;76;51;0,502 ;0,0 ;0,0 ;0,0 ;0,0 ;0 ;4,60 ;11,8 ;-1 ;2,58 ;29,6 ;0 ;0 ;9 ;0 ;
1307 ;0:54,40 ;4233 ;13 ;76;51;0,502 ;0,0 ;0,0 ;0,0 ;0,0 ;0 ;4,59 ;11,9 ;-1 ;2,58 ;29,6 ;0 ;0 ;9 ;0 ;
1307 ;0:54,50 ;4290 ;13 ;76;51;0,502 ;0,0 ;0,0 ;0,0 ;0,0 ;0 ;4,61 ;11,8 ;-1 ;2,55 ;29,6 ;0 ;0 ;9 ;0 ;
1307 ;0:54,60 ;4345 ;13 ;76;51;0,502 ;0,0 ;0,0 ;0,0 ;0,0 ;0 ;4,57 ;11,6 ;-1 ;2,56 ;29,6 ;0 ;0 ;9 ;0 ;
1307 ;0:54,70 ;4326 ;13 ;76;51;0,502 ;0,0 ;0,0 ;0,0 ;0,0 ;0 ;4,61 ;11,8 ;-1 ;2,56 ;29,6 ;0 ;0 ;9 ;0 ;
1307 ;0:54,80 ;4285 ;13 ;76;52;0,502 ;0,0 ;0,0 ;0,0 ;0,0 ;0 ;4,57 ;11,7 ;-1 ;2,60 ;29,6 ;0 ;0 ;9 ;0 ;
1307 ;0:54,90 ;4326 ;13 ;76;52;0,502 ;0,0 ;0,0 ;0,0 ;0,0 ;0 ;4,61 ;11,7 ;-1 ;2,60 ;29,7 ;0 ;0 ;9 ;0 ;
1307 ;0:55,00 ;4286 ;13 ;76;52;0,503 ;0,0 ;0,0 ;0,0 ;0,0 ;0 ;4,65 ;11,8 ;-1 ;2,62 ;29,7 ;0 ;0 ;9 ;0 ;
1307 ;0:55,10 ;4341 ;14 ;76;52;0,503 ;0,0 ;0,0 ;0,0 ;0,0 ;0 ;4,53 ;11,8 ;-1 ;2,66 ;29,7 ;0 ;0 ;9 ;0 ;
1307 ;0:55,20 ;4267 ;13 ;77;52;0,502 ;0,0 ;0,0 ;0,0 ;0,0 ;0 ;4,54 ;11,8 ;-1 ;2,67 ;29,7 ;0 ;0 ;9 ;0 ;
1307 ;0:55,30 ;4281 ;13 ;77;53;0,502 ;0,0 ;0,0 ;0,0 ;0,0 ;0 ;4,63 ;11,8 ;-1 ;2,74 ;29,7 ;0 ;0 ;9 ;0 ;
1307 ;0:55,40 ;4319 ;13 ;77;54;0,502 ;0,0 ;0,0 ;0,0 ;0,0 ;0 ;4,57 ;11,6 ;-1 ;2,82 ;29,8 ;0 ;0 ;10 ;0 ;
1307 ;0:55,50 ;4268 ;13 ;77;56;0,503 ;0,0 ;0,0 ;0,0 ;0,0 ;0 ;4,65 ;11,8 ;-1 ;2,95 ;29,7 ;0 ;0 ;10 ;0 ;
1307 ;0:55,60 ;4027 ;13 ;77;60;0,502 ;0,0 ;0,0 ;0,0 ;0,0 ;0 ;4,63 ;11,8 ;-1 ;3,23 ;29,2 ;0 ;0 ;10 ;0 ;
1307 ;0:55,70 ;3804 ;13 ;77;63;0,503 ;0,0 ;0,0 ;0,0 ;0,0 ;0 ;4,63 ;11,8 ;-1 ;3,35 ;27,2 ;0 ;0 ;10 ;0 ;
1307 ;0:55,80 ;3426 ;13 ;77;62;0,506 ;0,0 ;0,0 ;0,0 ;0,0 ;0 ;4,58 ;11,8 ;-1 ;5,23 ;22,6 ;0 ;0 ;14 ;0 ;
1307 ;0:55,90 ;4117 ;13 ;77;62;0,503 ;0,0 ;0,0 ;0,0 ;0,0 ;0 ;4,62 ;11,8 ;-1 ;3,44 ;29,1 ;0 ;1 ;11 ;0 ;
1307 ;0:56,00 ;3667 ;13 ;77;67;0,503 ;0,0 ;0,0 ;0,0 ;0,0 ;0 ;4,59 ;11,9 ;-1 ;3,55 ;25,8 ;0 ;0 ;10 ;0 ;
1307 ;0:56,10 ;3320 ;13 ;77;69;0,503 ;0,0 ;0,0 ;0,0 ;0,0 ;0 ;4,66 ;11,9 ;-1 ;3,41 ;21,2 ;0 ;0 ;9 ;0 ;
1307 ;0:56,20 ;3287 ;13 ;77;68;0,504 ;0,0 ;0,0 ;0,0 ;0,0 ;0 ;4,61 ;11,9 ;-1 ;3,37 ;20,5 ;0 ;0 ;9 ;0 ;
1307 ;0:56,30 ;3095 ;13 ;77;67;0,503 ;0,0 ;0,0 ;0,0 ;0,0 ;0 ;4,58 ;11,8 ;-1 ;3,22 ;17,3 ;0 ;0 ;8 ;0 ;
1307 ;0:56,40 ;3048 ;13 ;77;65;0,503 ;0,0 ;0,0 ;0,0 ;0,0 ;0 ;4,61 ;11,9 ;-1 ;3,13 ;16,3 ;0 ;0 ;8 ;0 ;
1307 ;0:56,50 ;3223 ;13 ;77;62;0,503 ;0,0 ;0,0 ;0,0 ;0,0 ;0 ;4,55 ;11,6 ;-1 ;3,12 ;19,0 ;0 ;0 ;8 ;0 ;
1307 ;0:56,60 ;3521 ;13 ;77;57;0,503 ;0,0 ;0,0 ;0,0 ;0,0 ;0 ;4,53 ;11,7 ;-1 ;3,00 ;24,2 ;0 ;0 ;8 ;0 ;
1307 ;0:56,70 ;3739 ;13 ;77;52;0,503 ;0,0 ;0,0 ;0,0 ;0,0 ;0 ;4,55 ;11,6 ;-1 ;2,75 ;26,6 ;0 ;0 ;8 ;0 ;
1307 ;0:56,80 ;3924 ;13 ;77;49;0,502 ;0,0 ;0,0 ;0,0 ;0,0 ;0 ;4,53 ;11,7 ;-1 ;2,63 ;28,4 ;0 ;0 ;8 ;0 ;
1307 ;0:56,90 ;4326 ;13 ;77;47;0,502 ;0,0 ;0,0 ;0,0 ;0,0 ;0 ;4,56 ;11,8 ;-1 ;2,63 ;29,5 ;0 ;0 ;9 ;0 ;
1307 ;0:57,00 ;4750 ;13 ;77;47;0,501 ;0,0 ;0,0 ;0,0 ;0,0 ;0 ;4,66 ;11,8 ;-1 ;2,75 ;30,1 ;0 ;0 ;10 ;0 ;
1307 ;0:57,10 ;5313 ;13 ;77;46;0,501 ;0,0 ;0,0 ;0,0 ;0,0 ;0 ;4,54 ;11,7 ;-1 ;2,79 ;31,9 ;0 ;0 ;12 ;0 ;
1307 ;0:57,20 ;5725 ;13 ;77;52;0,501 ;0,0 ;0,0 ;0,0 ;0,0 ;0 ;4,66 ;11,7 ;-1 ;3,18 ;35,5 ;0 ;0 ;15 ;0 ;
1307 ;0:57,30 ;5310 ;20 ;77;64;0,502 ;0,0 ;0,0 ;0,0 ;0,0 ;0 ;4,57 ;11,5 ;-1 ;3,78 ;31,6 ;0 ;0 ;16 ;0 ;
1307 ;0:57,40 ;4634 ;18 ;77;67;0,503 ;0,0 ;0,0 ;0,0 ;0,0 ;0 ;4,50 ;11,6 ;-1 ;4,07 ;29,1 ;0 ;0 ;15 ;0 ;
1307 ;0:57,50 ;3881 ;11 ;77;74;0,503 ;0,0 ;0,0 ;0,0 ;0,0 ;0 ;4,51 ;11,6 ;-1 ;4,10 ;28,4 ;0 ;0 ;12 ;0 ;
1307 ;0:57,60 ;2795 ;13 ;77;86;0,504 ;0,0 ;0,0 ;0,0 ;0,0 ;0 ;4,63 ;11,8 ;-1 ;3,81 ;21,1 ;0 ;0 ;9 ;0 ;
1307 ;0:57,70 ;1877 ;29 ;77;94;0,504 ;0,0 ;0,0 ;0,0 ;0,0 ;0 ;4,55 ;11,2 ;-1 ;4,68 ;20,1 ;0 ;0 ;11 ;0 ;
1307 ;0:57,80 ;1605 ;27 ;77;95;0,502 ;0,0 ;0,0 ;0,0 ;0,0 ;0 ;4,60 ;11,1 ;-1 ;4,71 ;19,5 ;0 ;0 ;11 ;0 ;
1307 ;0:57,90 ;926 ;22 ;77;95;0,500 ;0,0 ;0,0 ;0,0 ;0,0 ;0 ;4,57 ;10,5 ;-1 ;4,29 ;15,3 ;0 ;0 ;10 ;0 ;
1307 ;0:58,00 ;999 ;4 ;77;92;0,502 ;0,0 ;0,0 ;0,0 ;0,0 ;0 ;4,59 ;10,3 ;-1 ;3,99 ;6,6 ;0 ;0 ;9 ;0 ;
1307 ;0:58,10 ;455 ;1 ;77;97;0,503 ;0,0 ;0,0 ;0,0 ;0,0 ;0 ;4,56 ;10,2 ;-1 ;4,43 ;6,6 ;0 ;0 ;11 ;0 ;
1307 ;0:58,20 ;464 ;11 ;77;96;0,503 ;0,0 ;0,0 ;0,0 ;0,0 ;0 ;4,57 ;10,5 ;-1 ;4,35 ;16,2 ;0 ;0 ;10 ;0 ;
1307 ;0:58,30 ;454 ;100 ;77;98;0,503 ;0,0 ;0,0 ;0,0 ;0,0 ;0 ;4,58 ;10,3 ;-1 ;4,53 ;18,0 ;0 ;0 ;11 ;0 ;
1307 ;0:58,40 ;464 ;100 ;77;97;0,502 ;0,0 ;0,0 ;0,0 ;0,0 ;0 ;4,58 ;10,4 ;-1 ;4,43 ;17,1 ;0 ;0 ;11 ;0 ;
1307 ;0:58,50 ;463 ;100 ;77;98;0,502 ;0,0 ;0,0 ;0,0 ;0,0 ;0 ;4,58 ;10,4 ;-1 ;4,53 ;18,0 ;0 ;0 ;11 ;0 ;
1307 ;0:58,60 ;457 ;100 ;77;97;0,502 ;0,0 ;0,0 ;0,0 ;0,0 ;0 ;4,56 ;10,5 ;-1 ;4,43 ;17,1 ;0 ;0 ;11 ;0 ;
1307 ;0:58,70 ;123 ;100 ;77;98;0,503 ;0,0 ;0,0 ;0,0 ;0,0 ;0 ;1,18 ;10,4 ;-1 ;4,53 ;18,0 ;0 ;0 ;11 ;0 ;
1307 ;0:58,80 ;0 ;100 ;77;98;0,502 ;0,0 ;0,0 ;0,0 ;0,0 ;0 ;1,17 ;10,5 ;-1 ;0,00 ;0,0 ;0 ;0 ;0 ;0 ;
1307 ;0:58,90 ;0 ;100 ;77;98;0,502 ;0,0 ;0,0 ;0,0 ;0,0 ;0 ;1,18 ;10,2 ;-1 ;0,00 ;0,0 ;0 ;0 ;0 ;0 ;
