																					
	<<Vitesse moteur>>	Puissance Brute Mesurée	Puissance à la roue	Puissance roue corrigée	Couple corrigé Roue	Puissance corrigée moteur	Couple corrigé moteur	Vitesse véhicule	Temps acquisition Mesure	Force à la Roue	Accélération Linéaire	OBD-PID13 : Vitesse du véhicule	Couple moteur brut	Puissance Pertes Calibrées Totales	Puissance Pertes Calibrées Banc	Puissance Pertes Calibrées Vehicule	Couple brut	Facteur de correction	Rapport de sortie	Rapport Global Dynamique	Facteur de pertes transmission
	tr/min	ch	ch	ch	N.m	ch	N.m	Km/h	s	N	mm/s²	Km/h	N.m	ch	ch	ch	N.m	 	 	 	%
	2000	3,796	4,020	4,114	14,59	6,766	23,76	26,35	-0E-15	408	758,9		23,22	0,2243	0,2243	0	14,26	1,023	8,584	0	25,62
	2050	4,254	4,485	4,589	15,76	7,308	25,01	27,01	0,191	440,8	830,1		24,44	0,2316	0,2316	0	15,41	1,023	8,584	0	25,62
	2100	4,712	4,95	5,065	16,94	7,85	26,25	27,67	0,382	473,6	901,3		25,65	0,2389	0,2389	0	16,55	1,023	8,584	0	25,62
	2150	5,194	5,44	5,566	18,18	8,418	27,49	28,33	0,5691	508,3	977,7		26,86	0,2463	0,2463	0	17,77	1,023	8,584	0	25,62
	2200	5,777	6,03	6,17	19,7	9,088	29,01	28,99	0,7398	550,8	1075		28,35	0,2537	0,2537	0	19,25	1,023	8,584	0	25,62
	2250	6,371	6,633	6,786	21,17	9,771	30,49	29,64	0,8889	592,1	1169		29,79	0,2613	0,2613	0	20,69	1,023	8,584	0	25,62
	2300	6,921	7,19	7,356	22,45	10,41	31,77	30,3	1,031	627,8	1247		31,04	0,269	0,269	0	21,94	1,023	8,584	0	25,62
	2350	7,421	7,697	7,876	23,53	10,99	32,85	30,96	1,17	658,1	1310		32,1	0,2767	0,2767	0	23	1,023	8,584	0	25,62
	2400	7,838	8,122	8,311	24,32	11,49	33,63	31,62	1,304	680	1355		32,86	0,2845	0,2845	0	23,77	1,023	8,584	0	25,62
	2450	8,207	8,499	8,696	24,92	11,95	34,24	32,28	1,436	697	1390		33,46	0,2925	0,2925	0	24,36	1,023	8,584	0	25,62
	2500	8,566	8,867	9,072	25,48	12,39	34,8	32,94	1,565	712,7	1423		34	0,3005	0,3005	0	24,91	1,023	8,584	0	25,62
	2550	8,942	9,25	9,465	26,06	12,85	35,38	33,6	1,69	728,9	1457		34,57	0,3086	0,3086	0	25,47	1,023	8,584	0	25,62
	2600	9,303	9,620	9,842	26,58	13,29	35,9	34,26	1,812	743,4	1489		35,08	0,3169	0,3169	0	25,98	1,023	8,584	0	25,62
	2650	9,656	9,981	10,21	27,07	13,73	36,38	34,91	1,931	756,9	1520		35,55	0,3252	0,3252	0	26,45	1,023	8,584	0	25,62
	2700	10,07	10,4	10,64	27,67	14,22	36,99	35,57	2,048	773,9	1558		36,14	0,3337	0,3337	0	27,05	1,023	8,584	0	25,62
	2750	10,52	10,86	11,12	28,38	14,76	37,7	36,23	2,164	793,7	1601		36,84	0,3422	0,3422	0	27,74	1,023	8,584	0	25,62
	2800	11,09	11,44	11,71	29,36	15,42	38,68	36,89	2,272	821,1	1657		37,79	0,3509	0,3509	0	28,69	1,023	8,584	0	25,62
	2850	11,69	12,05	12,33	30,37	16,11	39,69	37,55	2,376	849,3	1716		38,78	0,3597	0,3597	0	29,68	1,023	8,584	0	25,62
	2900	12,32	12,69	12,98	31,43	16,83	40,75	38,21	2,476	879	1779		39,82	0,3686	0,3686	0	30,72	1,023	8,584	0	25,62
	2950	12,89	13,26	13,57	32,31	17,49	41,62	38,87	2,574	903,5	1833		40,67	0,3775	0,3775	0	31,57	1,023	8,584	0	25,62
	3000	13,36	13,75	14,07	32,92	18,05	42,24	39,53	2,667	920,6	1874		41,27	0,3866	0,3866	0	32,17	1,023	8,584	0	25,62
	3050	13,81	14,2	14,53	33,46	18,58	42,78	40,18	2,762	935,8	1909		41,8	0,3958	0,3958	0	32,7	1,023	8,584	0	25,62
	3100	14,18	14,59	14,93	33,81	19,04	43,13	40,84	2,858	945,5	1929		42,14	0,4052	0,4052	0	33,04	1,023	8,584	0	25,62
	3150	14,58	15	15,35	34,21	19,53	43,53	41,5	2,954	956,8	1951		42,54	0,4146	0,4146	0	33,44	1,023	8,584	0	25,62
	3200	15,09	15,51	15,87	34,83	20,12	44,14	42,16	3,046	973,9	1983		43,13	0,4242	0,4242	0	34,04	1,023	8,584	0	25,62
	3250	15,59	16,03	16,4	35,44	20,71	44,76	42,82	3,138	991	2015		43,73	0,4338	0,4338	0	34,63	1,023	8,584	0	25,62
	3300	16,1	16,54	16,92	36,01	21,3	45,33	43,48	3,223	1007	2048		44,29	0,4436	0,4436	0	35,19	1,023	8,584	0	25,62
	3350	16,6	17,06	17,45	36,58	21,9	45,9	44,14	3,309	1023	2081		44,85	0,4535	0,4535	0	35,75	1,023	8,584	0	25,62
	3400	16,83	17,29	17,69	36,55	22,2	45,87	44,8	3,395	1022	2079		44,82	0,4635	0,4635	0	35,72	1,023	8,584	0	25,62
	3450	16,93	17,4	17,8	36,25	22,38	45,57	45,45	3,48	1014	2061		44,53	0,4737	0,4737	0	35,43	1,023	8,584	0	25,62
	3500	16,95	17,44	17,84	35,81	22,49	45,13	46,11	3,572	1001	2033		44,1	0,4839	0,4839	0	35	1,023	8,584	0	25,62
	3550	16,85	17,35	17,75	35,13	22,46	44,44	46,77	3,674	982,3	1990		43,43	0,4943	0,4943	0	34,33	1,023	8,584	0	25,62
	3600	16,89	17,4	17,8	34,73	22,58	44,05	47,43	3,771	971,2	1965		43,04	0,5048	0,5048	0	33,94	1,023	8,584	0	25,62
	3650	17,15	17,67	18,08	34,78	22,92	44,1	48,09	3,863	972,7	1971		43,09	0,5155	0,5155	0	33,99	1,023	8,584	0	25,62
	3700	17,42	17,94	18,36	34,85	23,27	44,17	48,75	3,954	974,5	1976		43,16	0,5262	0,5262	0	34,06	1,023	8,584	0	25,62
	3750	17,71	18,25	18,67	34,97	23,65	44,29	49,41	4,043	977,9	1982		43,27	0,5371	0,5371	0	34,17	1,023	8,584	0	25,62
	3800	18,01	18,55	18,98	35,09	24,02	44,4	50,07	4,131	981,2	1988		43,39	0,5481	0,5481	0	34,29	1,023	8,584	0	25,62
	3850	18,22	18,78	19,21	35,05	24,32	44,37	50,72	4,226	980,1	1983		43,35	0,5593	0,5593	0	34,25	1,023	8,584	0	25,62
	3900	18,43	19	19,44	35	24,61	44,32	51,38	4,321	978,9	1977		43,31	0,5705	0,5705	0	34,21	1,023	8,584	0	25,62
	3950	18,59	19,17	19,62	34,89	24,86	44,2	52,04	4,413	975,6	1971		43,19	0,5819	0,5819	0	34,1	1,023	8,584	0	25,62
	4000	18,75	19,34	19,79	34,76	25,1	44,07	52,7	4,505	972	1966		43,07	0,5934	0,5934	0	33,97	1,023	8,584	0	25,62
	4050	18,63	19,23	19,68	34,14	25,05	43,46	53,36	4,599	954,7	1929		42,46	0,6051	0,6051	0	33,37	1,023	8,584	0	25,62
	4100	18,37	18,99	19,43	33,29	24,87	42,61	54,02	4,694	931,1	1877		41,64	0,6169	0,6169	0	32,54	1,023	8,584	0	25,62
	4150	17,63	18,26	18,68	31,63	24,19	40,95	54,68	4,801	884,7	1776		40,02	0,6289	0,6289	0	30,92	1,023	8,584	0	25,62
	4200	16,52	17,16	17,56	29,37	23,13	38,68	55,34	4,918	821,2	1640		37,8	0,6409	0,6409	0	28,7	1,023	8,584	0	25,62
	4250	14,79	15,44	15,8	26,12	21,43	35,44	55,99	5,055	730,6	1443		34,63	0,6531	0,6531	0	25,53	1,023	8,584	0	25,62
	4300	12,98	13,64	13,96	22,81	19,66	32,12	56,65	5,214	637,8	1241		31,39	0,6655	0,6655	0	22,29	1,023	8,584	0	25,62
	4350	11,66	12,34	12,63	20,39	18,4	29,71	57,31	5,392	570,2	1094		29,03	0,678	0,678	0	19,93	1,023	8,584	0	25,62
	4400	11,34	12,03	12,31	19,64	18,14	28,96	57,97	5,56	549,3	1054		28,3	0,6906	0,6906	0	19,2	1,023	8,584	0	25,62
	4450	11,47	12,17	12,46	19,66	18,36	28,98	58,63	5,722	549,8	1058		28,31	0,7034	0,7034	0	19,22	1,023	8,584	0	25,62
	4500	11,81	12,52	12,81	20	18,78	29,32	59,29	5,894	559,3	1078		28,65	0,7163	0,7163	0	19,55	1,023	8,584	0	25,62
	4550	12,33	13,06	13,37	20,63	19,4	29,95	59,95	6,056	576,9	1112		29,26	0,7294	0,7294	0	20,16	1,023	8,584	0	25,62
	4600	12,76	13,5	13,81	21,09	19,91	30,4	60,61	6,213	589,7	1137		29,71	0,7426	0,7426	0	20,61	1,023	8,584	0	25,62
	4650	12,92	13,67	13,99	21,13	20,16	30,45	61,26	6,371	591	1141		29,75	0,7559	0,7559	0	20,66	1,023	8,584	0	25,62
	4700	12,72	13,49	13,8	20,62	20,03	29,94	61,92	6,537	576,6	1111		29,25	0,7694	0,7694	0	20,15	1,023	8,584	0	25,62
	4750	13,29	14,07	14,4	21,29	20,7	30,61	62,58	6,715	595,4	1151		29,91	0,783	0,783	0	20,81	1,023	8,584	0	25,62
	4800	14,39	15,19	15,54	22,73	21,91	32,05	63,24	6,85	635,7	1238		31,31	0,7969	0,7969	0	22,22	1,023	8,584	0	25,62
	4850	15,6	16,41	16,79	24,3	23,22	33,62	63,9	6,98	679,7	1333		32,85	0,8108	0,8108	0	23,75	1,023	8,584	0	25,62
	4900	16,87	17,69	18,1	25,94	24,6	35,26	64,56	7,107	725,4	1429		34,45	0,8249	0,8249	0	25,35	1,023	8,584	0	25,62
	4950	18,01	18,85	19,29	27,36	25,85	36,67	65,22	7,223	765,1	1511		35,84	0,8392	0,8392	0	26,74	1,023	8,584	0	25,62
	5000	19,12	19,98	20,44	28,71	27,07	38,03	65,88	7,336	803	1590		37,16	0,8535	0,8535	0	28,06	1,023	8,584	0	25,62
	5050	19,96	20,83	21,31	29,63	28,01	38,95	66,53	7,445	828,7	1644		38,06	0,8681	0,8681	0	28,96	1,023	8,584	0	25,62
	5100	20,8	21,68	22,18	30,55	28,95	39,87	67,19	7,553	854,3	1699		38,95	0,8828	0,8828	0	29,86	1,023	8,584	0	25,62
	5150	21,63	22,53	23,05	31,43	29,89	40,75	67,85	7,657	879	1754		39,82	0,8977	0,8977	0	30,72	1,023	8,584	0	25,62
	5200	22,57	23,49	24,03	32,45	30,93	41,77	68,51	7,758	907,5	1816		40,81	0,9127	0,9127	0	31,72	1,023	8,584	0	25,62
	5250	23,84	24,76	25,34	33,88	32,3	43,2	69,17	7,853	947,6	1900		42,21	0,928	0,928	0	33,12	1,023	8,584	0	25,62
	5300	25,11	26,05	26,65	35,32	33,68	44,63	69,83	7,945	987,6	1985		43,61	0,9433	0,9433	0	34,52	1,023	8,584	0	25,62
	5350	26,42	27,38	28,01	36,75	35,11	46,07	70,49	8,026	1028	2069		45,02	0,9589	0,9589	0	35,92	1,023	8,584	0	25,62
	5400	27,73	28,7	29,37	38,19	36,53	47,51	71,15	8,107	1068	2153		46,42	0,9745	0,9745	0	37,32	1,023	8,584	0	25,62
	5450	28,77	29,76	30,45	39,23	37,68	48,55	71,8	8,186	1097	2215		47,44	0,9904	0,9904	0	38,34	1,023	8,584	0	25,62
	5500	29,67	30,67	31,38	40,07	38,68	49,39	72,46	8,264	1120	2264		48,26	1,006	1,006	0	39,16	1,023	8,584	0	25,62
	5550	30,52	31,54	32,27	40,84	39,64	50,16	73,12	8,343	1142	2310		49,02	1,022	1,022	0	39,92	1,023	8,584	0	25,62
	5600	30,96	31,99	32,74	41,05	40,17	50,37	73,78	8,421	1148	2323		49,22	1,039	1,039	0	40,12	1,023	8,584	0	25,62
	5650	31,39	32,45	33,2	41,27	40,69	50,59	74,44	8,5	1154	2337		49,43	1,055	1,055	0	40,33	1,023	8,584	0	25,62
	5700	31,68	32,75	33,51	41,29	41,07	50,61	75,1	8,579	1155	2339		49,45	1,072	1,072	0	40,35	1,023	8,584	0	25,62
	5750	31,84	32,93	33,69	41,16	41,32	50,48	75,76	8,659	1151	2331		49,32	1,089	1,089	0	40,23	1,023	8,584	0	25,62
	5800	32,01	33,11	33,88	41,03	41,58	50,35	76,42	8,738	1147	2323		49,2	1,106	1,106	0	40,1	1,023	8,584	0	25,62
	5850	32,12	33,24	34,01	40,84	41,78	50,16	77,08	8,819	1142	2308		49,01	1,123	1,123	0	39,91	1,023	8,584	0	25,62
	5900	32,23	33,37	34,15	40,65	41,98	49,97	77,73	8,899	1137	2292		48,83	1,140	1,140	0	39,73	1,023	8,584	0	25,62
	5950	32,55	33,71	34,49	40,71	42,38	50,03	78,39	8,981	1138	2292		48,88	1,158	1,158	0	39,79	1,023	8,584	0	25,62
	6000	33,03	34,2	35	40,96	42,96	50,28	79,05	9,062	1146	2304		49,13	1,176	1,176	0	40,03	1,023	8,584	0	25,62
	6050	33,53	34,73	35,53	41,25	43,56	50,57	79,71	9,143	1154	2318		49,41	1,193	1,193	0	40,31	1,023	8,584	0	25,62
	6100	34,28	35,49	36,31	41,8	44,41	51,12	80,37	9,217	1169	2352		49,96	1,212	1,212	0	40,86	1,023	8,584	0	25,62
	6150	35,03	36,26	37,1	42,36	45,26	51,68	81,03	9,290	1185	2386		50,5	1,23	1,23	0	41,4	1,023	8,584	0	25,62
	6200	35,68	36,92	37,78	42,8	46,01	52,12	81,69	9,364	1197	2412		50,93	1,248	1,248	0	41,83	1,023	8,584	0	25,62
	6250	36,17	37,44	38,31	43,05	46,6	52,37	82,35	9,438	1204	2426		51,17	1,267	1,267	0	42,07	1,023	8,584	0	25,62
	6300	36,67	37,96	38,84	43,29	47,2	52,61	83	9,511	1211	2440		51,41	1,286	1,286	0	42,31	1,023	8,584	0	25,62
	6350	36,89	38,19	39,08	43,22	47,5	52,54	83,66	9,587	1209	2436		51,34	1,305	1,305	0	42,24	1,023	8,584	0	25,62
	6400	36,97	38,29	39,18	43	47,67	52,32	84,32	9,664	1202	2423		51,12	1,324	1,324	0	42,02	1,023	8,584	0	25,62
	6450	37,03	38,37	39,26	42,75	47,82	52,07	84,98	9,74	1196	2409		50,88	1,343	1,343	0	41,78	1,023	8,584	0	25,62
	6500	36,76	38,13	39,01	42,16	47,64	51,48	85,64	9,819	1179	2376		50,3	1,363	1,363	0	41,2	1,023	8,584	0	25,62
	6550	36,5	37,89	38,76	41,57	47,46	50,89	86,3	9,897	1163	2342		49,73	1,382	1,382	0	40,63	1,023	8,584	0	25,62
	6600	36,12	37,52	38,39	40,86	47,15	50,18	86,96	9,978	1143	2299		49,03	1,402	1,402	0	39,93	1,023	8,584	0	25,62
	6650	35,61	37,03	37,89	40,03	46,72	49,35	87,62	10,06	1119	2245		48,22	1,422	1,422	0	39,12	1,023	8,584	0	25,62
	6700	35,13	36,57	37,42	39,23	46,31	48,55	88,27	10,15	1097	2194		47,44	1,442	1,442	0	38,34	1,023	8,584	0	25,62
	6750	34,8	36,26	37,1	38,61	46,06	47,93	88,93	10,24	1080	2156		46,84	1,463	1,463	0	37,74	1,023	8,584	0	25,62
	6800	34,47	35,95	36,79	38	45,81	47,32	89,59	10,33	1063	2118		46,23	1,484	1,484	0	37,14	1,023	8,584	0	25,62
	6850	34,41	35,91	36,75	37,68	45,83	47	90,25	10,41	1054	2101		45,92	1,504	1,504	0	36,83	1,023	8,584	0	25,62
	6900	34,38	35,91	36,74	37,4	45,89	46,72	90,91	10,5	1046	2086		45,65	1,525	1,525	0	36,55	1,023	8,584	0	25,62
	6950	34,45	36	36,83	37,22	46,05	46,54	91,57	10,59	1041	2072		45,47	1,547	1,547	0	36,38	1,023	8,584	0	25,62
	7000	34,59	36,16	37	37,12	46,29	46,44	92,23	10,68	1038	2059		45,38	1,568	1,568	0	36,28	1,023	8,584	0	25,62
	7050	34,84	36,43	37,28	37,13	46,63	46,45	92,89	10,76	1039	2050		45,39	1,59	1,59	0	36,29	1,023	8,584	0	25,62
	7100	35,3	36,91	37,77	37,36	47,19	46,68	93,54	10,85	1045	2051		45,61	1,612	1,612	0	36,51	1,023	8,584	0	25,62
	7150	35,77	37,41	38,27	37,6	47,76	46,92	94,2	10,94	1051	2052		45,84	1,634	1,634	0	36,75	1,023	8,584	0	25,62
	7200	36,38	38,03	38,91	37,96	48,47	47,28	94,86	11,03	1061	2057		46,2	1,656	1,656	0	37,1	1,023	8,584	0	25,62
	7250	36,98	38,66	39,55	38,32	49,17	47,64	95,52	11,12	1072	2062		46,55	1,678	1,678	0	37,45	1,023	8,584	0	25,62
	7300	37,62	39,32	40,23	38,7	49,92	48,02	96,18	11,21	1082	2059		46,93	1,701	1,701	0	37,83	1,023	8,584	0	25,62
	7350	38,27	39,99	40,92	39,1	50,67	48,42	96,84	11,3	1093	2054		47,31	1,724	1,724	0	38,21	1,023	8,584	0	25,62
	7400	38,95	40,69	41,63	39,51	51,45	48,83	97,5	11,39	1105	2040		47,72	1,747	1,747	0	38,62	1,023	8,584	0	25,62
	7450	39,65	41,42	42,38	39,95	52,26	49,27	98,16	11,48	1117	2021		48,14	1,77	1,77	0	39,04	1,023	8,584	0	25,62
	7500	40,39	42,18	43,16	40,41	53,11	49,73	98,81	11,57	1130	1995		48,6	1,793	1,793	0	39,5	1,023	8,584	0	25,62
	7550	41,19	43	44	40,93	54,02	50,25	99,47	11,66	1145	1959		49,1	1,817	1,817	0	40	1,023	8,584	0	25,62
	7600	42,03	43,88	44,89	41,48	54,98	50,8	100,1	11,76	1160	1920		49,64	1,841	1,841	0	40,55	1,023	8,584	0	25,62
	7650	43,01	44,87	45,91	42,15	56,06	51,47	100,8	11,86	1179	1874		50,29	1,865	1,865	0	41,19	1,023	8,584	0	25,62
	7700	44,03	45,92	46,98	42,85	57,2	52,17	101,4	11,96	1198	1828		50,98	1,889	1,889	0	41,88	1,023	8,584	0	25,62
	7750	45,18	47,1	48,19	43,67	58,47	52,99	102,1	12,07	1221	1781		51,78	1,914	1,914	0	42,68	1,023	8,584	0	25,62
	7800	46,38	48,32	49,44	44,51	59,79	53,84	102,8	12,17	1245	1736		52,6	1,939	1,939	0	43,51	1,023	8,584	0	25,62
	7850	47,65	49,62	50,77	45,42	61,19	54,74	103,4	12,28	1270	1695		53,49	1,964	1,964	0	44,39	1,023	8,584	0	25,62
	7900	48,94	50,93	52,11	46,32	62,59	55,64	104,1	12,4	1295	1653		54,37	1,989	1,989	0	45,27	1,023	8,584	0	25,62
	7950	50,23	52,25	53,46	47,23	64,01	56,55	104,7	12,51	1321	1611		55,25	2,014	2,014	0	46,16	1,023	8,584	0	25,62
	8000	51,53	53,56	54,81	48,11	65,42	57,43	105,4	12,63	1345	1572		56,12	2,04	2,04	0	47,02	1,023	8,584	0	25,62
	8050	52,79	54,86	56,13	48,97	66,81	58,29	106,1	12,75	1369	1536		56,96	2,065	2,065	0	47,86	1,023	8,584	0	25,62
	8100	53,86	55,95	57,25	49,64	68	58,96	106,7	12,87	1388	1513		57,61	2,092	2,092	0	48,51	1,023	8,584	0	25,62
	8150	54,82	56,94	58,26	50,2	69,07	59,52	107,4	12,99	1404	1493		58,16	2,118	2,118	0	49,07	1,023	8,584	0	25,62
	8200	55,64	57,78	59,12	50,64	70	59,96	108	13,12	1416	1474		58,59	2,144	2,144	0	49,49	1,023	8,584	0	25,62
	8250	56,27	58,45	59,8	50,91	70,75	60,23	108,7	13,24	1424	1458		58,85	2,171	2,171	0	49,76	1,023	8,584	0	25,62
	8300	56,87	59,07	60,43	51,14	71,45	60,46	109,4	13,37	1430	1447		59,08	2,198	2,198	0	49,98	1,023	8,584	0	25,62
	8350	57,43	59,65	61,04	51,34	72,12	60,66	110	13,5	1436	1445		59,28	2,225	2,225	0	50,18	1,023	8,584	0	25,62
	8400	58,06	60,31	61,71	51,6	72,86	60,92	110,7	13,62	1443	1457		59,53	2,252	2,252	0	50,43	1,023	8,584	0	25,62
	8450	58,69	60,97	62,39	51,86	73,6	61,18	111,3	13,75	1450	1475		59,78	2,280	2,280	0	50,68	1,023	8,584	0	25,62
	8500	59,01	61,32	62,74	51,84	74,02	61,16	112	13,86	1450	1480		59,76	2,308	2,308	0	50,67	1,023	8,584	0	25,62
	8550	59,17	61,5	62,93	51,69	74,28	61,02	112,6	13,99	1446	1480		59,62	2,336	2,336	0	50,52	1,023	8,584	0	25,62
	8600	59,1	61,47	62,89	51,36	74,31	60,69	113,3	14,12	1436	1472		59,3	2,364	2,364	0	50,2	1,023	8,584	0	25,62
	8650	59,26	61,65	63,08	51,22	74,56	60,54	114	14,24	1432	1484		59,16	2,393	2,393	0	50,06	1,023	8,584	0	25,62
	8700	59,45	61,87	63,3	51,1	74,85	60,43	114,6	14,36	1429	1497		59,04	2,421	2,421	0	49,95	1,023	8,584	0	25,62
	8750	59,6	62,05	63,48	50,96	75,1	60,28	115,3	14,48	1425	1504		58,9	2,45	2,45	0	49,8	1,023	8,584	0	25,62
	8800	59,77	62,25	63,69	50,83	75,37	60,16	115,9	14,6	1422	1517		58,78	2,48	2,48	0	49,68	1,023	8,584	0	25,62
	8850	59,96	62,47	63,92	50,73	75,66	60,05	116,6	14,73	1419	1534		58,68	2,509	2,509	0	49,58	1,023	8,584	0	25,62
	8900	60,04	62,58	64,02	50,53	75,84	59,85	117,3	14,84	1413	1540		58,48	2,539	2,539	0	49,38	1,023	8,584	0	25,62
	8950	60,09	62,66	64,11	50,31	75,99	59,63	117,9	14,95	1407	1546		58,27	2,569	2,569	0	49,17	1,023	8,584	0	25,62
	9000	60,07	62,67	64,12	50,04	76,07	59,36	118,6	15,08	1399	1549		58,01	2,599	2,599	0	48,91	1,023	8,584	0	25,62
	9050	60,15	62,78	64,23	49,85	76,24	59,17	119,2	15,2	1394	1557		57,82	2,629	2,629	0	48,72	1,023	8,584	0	25,62
	9100	60,29	62,95	64,41	49,72	76,49	59,04	119,9	15,31	1390	1570		57,69	2,66	2,66	0	48,59	1,023	8,584	0	25,62
	9150	60,43	63,12	64,56	49,55	76,73	58,9	120,6	15,42	1386	1583		57,55	2,691	2,691	0	48,45	1,023	8,584	0	25,62
	9200	60,57	63,29	64,7	49,39	76,97	58,76	121,2	15,54	1383	1596		57,42	2,722	2,722	0	48,32	1,022	8,584	0	25,62
	9250	60,77	63,53	64,93	49,3	77,28	58,68	121,9	15,65	1380	1612		57,33	2,753	2,753	0	48,24	1,022	8,584	0	25,62
	9300	60,92	63,71	65,12	49,18	77,53	58,55	122,5	15,76	1377	1622		57,21	2,785	2,785	0	48,12	1,022	8,584	0	25,62
	9350	60,91	63,73	65,14	48,93	77,62	58,3	123,2	15,88	1370	1615		56,97	2,817	2,817	0	47,87	1,022	8,584	0	25,62
	9400	61,05	63,9	65,31	48,8	77,85	58,17	123,8	15,99	1366	1614		56,84	2,849	2,849	0	47,74	1,022	8,584	0	25,62
	9450	61,34	64,22	65,64	48,79	78,25	58,16	124,5	16,11	1366	1619		56,83	2,881	2,881	0	47,73	1,022	8,584	0	25,62
	9500	61,75	64,66	66,09	48,86	78,77	58,24	125,2	16,22	1368	1630		56,9	2,914	2,914	0	47,81	1,022	8,584	0	25,62
	9550	62,19	65,14	66,58	48,97	79,33	58,34	125,8	16,33	1371	1641		57,01	2,947	2,947	0	47,91	1,022	8,584	0	25,62
	9600	62,51	65,49	66,94	48,97	79,75	58,34	126,5	16,44	1371	1642		57,01	2,98	2,98	0	47,91	1,022	8,584	0	25,62
	9650	62,81	65,83	67,28	48,97	80,16	58,34	127,1	16,55	1371	1642		57,01	3,014	3,014	0	47,91	1,022	8,584	0	25,62
	9700	63,14	66,18	67,65	48,98	80,59	58,35	127,8	16,66	1371	1639		57,02	3,047	3,047	0	47,92	1,022	8,584	0	25,62
	9750	63,49	66,57	68,04	49,02	81,05	58,39	128,5	16,77	1372	1639		57,05	3,081	3,081	0	47,95	1,022	8,584	0	25,62
	9800	63,9	67,02	68,5	49,09	81,58	58,46	129,1	16,89	1374	1641		57,13	3,115	3,115	0	48,03	1,022	8,584	0	25,62
	9850	64,27	67,42	68,91	49,14	82,05	58,51	129,8	17	1376	1642		57,17	3,15	3,15	0	48,07	1,022	8,584	0	25,62
	9900	64,6	67,79	69,29	49,15	82,5	58,53	130,4	17,11	1376	1642		57,19	3,184	3,184	0	48,09	1,022	8,584	0	25,62
	9950	64,76	67,98	69,49	49,05	82,76	58,42	131,1	17,22	1373	1632		57,09	3,219	3,219	0	47,99	1,022	8,584	0	25,62
	10000	64,86	68,12	69,63	48,9	82,97	58,27	131,8	17,33	1369	1619		56,94	3,254	3,254	0	47,84	1,022	8,584	0	25,62
	10050	64,78	68,07	69,58	48,63	82,99	58	132,4	17,45	1361	1601		56,67	3,29	3,29	0	47,57	1,022	8,584	0	25,62
	10100	64,68	68	69,51	48,34	82,98	57,71	133,1	17,56	1353	1584		56,39	3,326	3,326	0	47,29	1,022	8,584	0	25,62
	10150	64,52	67,88	69,38	48,01	82,92	57,38	133,7	17,68	1344	1569		56,07	3,362	3,362	0	46,97	1,022	8,584	0	25,62
	10200	64,35	67,74	69,24	47,68	82,85	57,05	134,4	17,8	1335	1557		55,75	3,398	3,398	0	46,65	1,022	8,584	0	25,62
	10250	64,17	67,6	69,1	47,35	82,77	56,72	135	17,92	1325	1548		55,42	3,434	3,434	0	46,32	1,022	8,584	0	25,62
	10300	63,88	67,35	68,84	46,95	82,58	56,31	135,7	18,04	1314	1543		55,03	3,471	3,471	0	45,93	1,022	8,584	0	25,62
	10350	63,58	67,09	68,57	46,54	82,38	55,9	136,4	18,16	1303	1539		54,63	3,508	3,508	0	45,53	1,022	8,584	0	25,62
	10400	63,29	66,83	68,31	46,13	82,18	55,5	137	18,28	1291	1541		54,23	3,546	3,546	0	45,13	1,022	8,584	0	25,62
	10450	62,98	66,56	68,03	45,73	81,97	55,09	137,7	18,39	1280	1543		53,83	3,583	3,583	0	44,74	1,022	8,584	0	25,62
	10500	62,66	66,28	67,74	45,32	81,75	54,68	138,3	18,51	1269	1546		53,43	3,621	3,621	0	44,33	1,022	8,584	0	25,62
	10550	62,3	65,96	67,42	44,89	81,49	54,25	139	18,63	1257	1550		53,01	3,659	3,659	0	43,91	1,022	8,584	0	25,62
	10600	61,95	65,65	67,1	44,46	81,24	53,83	139,7	18,75	1245	1555		52,6	3,698	3,698	0	43,5	1,022	8,584	0	25,62
	10650	61,72	65,45	66,9	44,12	81,1	53,49	140,3	18,86	1235	1568		52,26	3,736	3,736	0	43,17	1,022	8,584	0	25,62
	10700	61,49	65,27	66,71	43,79	80,98	53,15	141	18,98	1226	1581		51,94	3,775	3,775	0	42,84	1,022	8,584	0	25,62
	10750	61,28	65,1	66,54	43,47	80,87	52,84	141,6	19,09	1217	1594		51,63	3,814	3,814	0	42,53	1,022	8,584	0	25,62
	10800	61,01	64,86	66,3	43,12	80,7	52,48	142,3	19,21	1207	1601		51,28	3,854	3,854	0	42,18	1,022	8,584	0	25,62
	10850	60,69	64,59	66,02	42,73	80,48	52,1	143	19,32	1196	1602		50,91	3,894	3,894	0	41,81	1,022	8,584	0	25,62
	10900	60,32	64,26	65,68	42,32	80,21	51,69	143,6	19,44	1185	1597		50,5	3,934	3,934	0	41,41	1,022	8,584	0	25,62
	10950	60	63,97	65,39	41,94	79,98	51,3	144,3	19,55	1174	1594		50,13	3,974	3,974	0	41,03	1,022	8,584	0	25,62
	11000	59,95	63,97	65,39	41,75	80,05	51,11	144,9	19,67	1169	1607		49,94	4,015	4,015	0	40,85	1,022	8,584	0	25,62
	11050	59,97	64,02	65,44	41,59	80,17	50,96	145,6	19,78	1164	1620		49,79	4,056	4,056	0	40,69	1,022	8,584	0	25,62
	11100	60,06	64,15	65,57	41,49	80,37	50,85	146,2	19,89	1162	1634		49,69	4,097	4,097	0	40,59	1,022	8,584	0	25,62
	11150	59,95	64,09	65,5	41,26	80,37	50,62	146,9	20	1155	1636		49,47	4,139	4,139	0	40,37	1,022	8,584	0	25,62
	11200	59,68	63,86	65,27	40,93	80,2	50,29	147,6	20,11	1146	1627		49,14	4,18	4,18	0	40,05	1,022	8,584	0	25,62
	11250	59,52	63,74	65,15	40,68	80,15	50,04	148,2	20,23	1139	1627		48,89	4,222	4,222	0	39,8	1,022	8,584	0	25,62
	11300	59,39	63,65	65,06	40,44	80,12	49,8	148,9	20,34	1132	1629		48,66	4,265	4,265	0	39,56	1,022	8,584	0	25,62
	11350	59,17	63,47	64,88	40,15	80	49,51	149,5	20,45	1124	1623		48,38	4,307	4,307	0	39,28	1,022	8,584	0	25,62
	11400	58,9	63,25	64,65	39,83	79,84	49,19	150,2	20,56	1115	1617		48,07	4,350	4,350	0	38,97	1,022	8,584	0	25,62
	11450	58,47	62,86	64,25	39,41	79,51	48,77	150,9	20,68	1103	1605		47,66	4,394	4,394	0	38,56	1,022	8,584	0	25,62
	11500	58,06	62,49	63,88	39,01	79,2	48,37	151,5	20,8	1092	1596		47,27	4,437	4,437	0	38,17	1,022	8,584	0	25,62
	11550	57,67	62,15	63,52	38,63	78,91	47,99	152,2	20,91	1081	1589		46,89	4,481	4,481	0	37,79	1,022	8,584	0	25,62
	11600	57,24	61,77	63,14	38,23	78,59	47,59	152,8	21,02	1070	1583		46,5	4,525	4,525	0	37,4	1,022	8,584	0	25,62
	11650	56,81	61,38	62,74	37,83	78,26	47,18	153,5	21,15	1059	1579		46,1	4,569	4,569	0	37,01	1,022	8,584	0	25,62
	11700	56,41	61,02	62,37	37,44	77,96	46,8	154,2	21,26	1048	1575		45,73	4,614	4,614	0	36,63	1,022	8,584	0	25,62
	11750	55,9	60,56	61,9	37	77,56	46,36	154,8	21,37	1036	1568		45,3	4,659	4,659	0	36,2	1,022	8,584	0	25,62
	11800	55,16	59,87	61,19	36,42	76,91	45,78	155,5	21,49	1020	1554		44,73	4,704	4,704	0	35,63	1,022	8,584	0	25,62
	11850	54,41	59,16	60,47	35,84	76,26	45,2	156,1	21,61	1003	1545		44,17	4,75	4,75	0	35,07	1,022	8,584	0	25,62
	11900	53,66	58,46	59,75	35,27	75,6	44,62	156,8	21,73	987,2	1538		43,6	4,796	4,796	0	34,5	1,022	8,584	0	25,62
	11950	52,71	57,55	58,83	34,58	74,74	43,93	157,4	21,85	967,9	1522		42,93	4,842	4,842	0	33,83	1,022	8,584	0	25,62
	12000	51,82	56,71	57,96	33,93	73,94	43,28	158,1	21,97	949,7	1511		42,29	4,889	4,889	0	33,19	1,022	8,584	0	25,62
	12050	51,1	56,03	57,27	33,38	73,32	42,73	158,8	22,1	934,5	1513		41,76	4,936	4,936	0	32,66	1,022	8,584	0	25,62
	12100	50,42	55,4	56,63	32,87	72,74	42,22	159,4	22,21	920,2	1521		41,26	4,983	4,983	0	32,16	1,022	8,584	0	25,62
	12150	49,76	54,79	56	32,37	72,18	41,72	160,1	22,33	906,2	1531		40,77	5,03	5,03	0	31,67	1,022	8,584	0	25,62
	12200	48,97	54,05	55,25	31,81	71,49	41,16	160,7	22,45	890,4	1528		40,22	5,078	5,078	0	31,12	1,022	8,584	0	25,62
	12250	48,17	53,3	54,48	31,24	70,79	40,59	161,4	22,57	874,5	1523		39,66	5,126	5,126	0	30,56	1,022	8,584	0	25,62
	12300	47,36	52,54	53,7	30,66	70,07	40,01	162,1	22,69	858,4	1517		39,1	5,174	5,174	0	30	1,022	8,584	0	25,62
	12350	46,95	52,18	53,33	30,33	69,77	39,68	162,7	22,81	849,1	1524		38,77	5,223	5,223	0	29,67	1,022	8,584	0	25,62
	12400	46,76	52,03	53,18	30,12	69,69	39,47	163,4	22,93	843,3	1536		38,57	5,272	5,272	0	29,47	1,022	8,584	0	25,62
	12450	46,91	52,23	53,38	30,12	69,95	39,46	164	23,05	843,1	1547		38,56	5,321	5,321	0	29,46	1,022	8,584	0	25,62
	12500	46,95	52,32	53,48	30,05	70,11	39,4	164,7	23,16	841,2	1552		38,49	5,371	5,371	0	29,4	1,022	8,584	0	25,62
	12550	46,66	52,08	53,23	29,79	69,93	39,14	165,3	23,28	834	1542		38,24	5,421	5,421	0	29,15	1,022	8,584	0	25,62
	12600	45,9	51,37	52,5	29,27	69,27	38,62	166	23,41	819,3	1517		37,73	5,471	5,471	0	28,63	1,022	8,584	0	25,62
	12650	44,79	50,31	51,43	28,55	68,26	37,9	166,7	23,53	799,3	1481		37,03	5,522	5,522	0	27,93	1,022	8,584	0	25,62
	12700	43	48,57	49,64	27,46	66,54	36,8	167,3	23,66	768,6	1418		35,96	5,573	5,573	0	26,86	1,022	8,584	0	25,62
	12750	41,27	46,89	47,93	26,41	64,89	35,75	168	23,8	739,2	1350		34,93	5,624	5,624	0	25,83	1,022	8,584	0	25,62
	12800	39,73	45,41	46,41	25,47	63,44	34,81	168,6	23,95	712,9	1279		34,01	5,675	5,675	0	24,92	1,022	8,584	0	25,62
	12850	38,94	44,67	45,66	24,96	62,75	34,3	169,3	24,1	698,6	1232		33,51	5,727	5,727	0	24,42	1,022	8,584	0	25,62
	12900	38,48	44,26	45,24	24,63	62,4	33,97	170	24,25	689,5	1206		33,2	5,779	5,779	0	24,1	1,022	8,584	0	25,62
	12950	37,97	43,8	44,77	24,28	61,99	33,62	170,6	24,4	679,8	1185		32,85	5,832	5,832	0	23,76	1,022	8,584	0	25,62
	13000	37,23	43,11	44,07	23,81	61,36	33,15	171,3	24,56	666,5	1161		32,39	5,885	5,885	0	23,29	1,022	8,584	0	25,62
	13050	36,32	42,26	43,2	23,25	60,55	32,59	171,9	24,72	650,8	1133		31,84	5,938	5,938	0	22,75	1,022	8,584	0	25,62
