																					
	<<Vitesse moteur>>	Puissance Brute Mesurée	Puissance à la roue	Puissance roue corrigée	Couple corrigé Roue	Puissance corrigée moteur	Couple corrigé moteur	Vitesse véhicule	Temps acquisition Mesure	Force à la Roue	Accélération Linéaire	OBD-PID13 : Vitesse du véhicule	Couple moteur brut	Puissance Pertes Calibrées Totales	Puissance Pertes Calibrées Banc	Puissance Pertes Calibrées Vehicule	Couple brut	Facteur de correction	Rapport de sortie	Rapport Global Dynamique	Facteur de pertes transmission
	tr/min	ch	ch	ch	N.m	ch	N.m	Km/h	s	N	mm/s²	Km/h	N.m	ch	ch	ch	N.m	 	 	 	%
	2000	4,203	4,427	4,523	16	7,728	27,14	26,35	0E-13	448,1	775,5	0	26,57	0,2244	0,2244	0	15,66	1,022	8,584	0	
	2050	4,913	5,144	5,255	18,01	8,540	29,26	27,01	0,1633	504,3	917,9	0	28,65	0,2317	0,2317	0	17,63	1,022	8,584	0	
	2100	5,623	5,861	5,988	20,01	9,352	31,27	27,67	0,3267	560,6	1060	0	30,62	0,2389	0,2389	0	19,59	1,022	8,584	0	
	2150	6,129	6,375	6,512	21,26	9,957	32,52	28,33	0,4827	595,6	1149	0	31,84	0,2463	0,2463	0	20,82	1,022	8,584	0	
	2200	6,478	6,732	6,877	21,95	10,4	33,2	28,99	0,636	614,9	1200	0	32,51	0,2538	0,2538	0	21,49	1,022	8,584	0	
	2250	6,711	6,972	7,122	22,23	10,73	33,49	29,64	0,7882	622,7	1225	0	32,79	0,2613	0,2613	0	21,76	1,022	8,584	0	
	2300	6,905	7,173	7,328	22,38	11,01	33,63	30,3	0,9373	626,8	1238	0	32,93	0,2689	0,2689	0	21,9	1,022	8,584	0	
	2350	7,12	7,397	7,556	22,58	11,32	33,83	30,96	1,084	632,5	1252	0	33,13	0,2767	0,2767	0	22,1	1,022	8,584	0	
	2400	7,383	7,667	7,832	22,92	11,68	34,17	31,62	1,228	641,9	1274	0	33,46	0,2845	0,2845	0	22,43	1,022	8,584	0	
	2450	7,701	7,993	8,165	23,41	12,09	34,66	32,28	1,369	655,7	1305	0	33,94	0,2924	0,2924	0	22,91	1,022	8,584	0	
	2500	8,126	8,426	8,607	24,17	12,61	35,43	32,94	1,502	677,1	1352	0	34,69	0,3005	0,3005	0	23,66	1,022	8,584	0	
	2550	8,512	8,821	9,011	24,81	13,1	36,06	33,6	1,631	695	1391	0	35,31	0,3087	0,3087	0	24,29	1,022	8,584	0	
	2600	8,864	9,181	9,378	25,33	13,54	36,58	34,26	1,755	709,6	1424	0	35,82	0,3169	0,3169	0	24,8	1,022	8,584	0	
	2650	9,181	9,506	9,71	25,73	13,96	36,98	34,91	1,884	720,8	1446	0	36,21	0,3252	0,3252	0	25,19	1,022	8,584	0	
	2700	9,55	9,883	10,1	26,26	14,42	37,51	35,57	2,010	735,5	1477	0	36,73	0,3337	0,3337	0	25,7	1,022	8,584	0	
	2750	10,01	10,36	10,58	27,01	14,98	38,26	36,23	2,13	756,6	1523	0	37,47	0,3422	0,3422	0	26,44	1,022	8,584	0	
	2800	10,57	10,93	11,16	27,98	15,65	39,23	36,89	2,243	783,7	1580	0	38,41	0,3509	0,3509	0	27,39	1,021	8,584	0	
	2850	11,18	11,54	11,78	29,03	16,35	40,29	37,55	2,353	813,3	1642	0	39,45	0,3596	0,3596	0	28,42	1,021	8,584	0	
	2900	11,75	12,11	12,37	29,95	17,02	41,21	38,21	2,456	839,1	1698	0	40,35	0,3686	0,3686	0	29,33	1,021	8,584	0	
	2950	12,31	12,69	12,96	30,85	17,69	42,11	38,87	2,559	864,4	1753	0	41,23	0,3775	0,3775	0	30,21	1,021	8,584	0	
	3000	12,74	13,13	13,41	31,38	18,22	42,64	39,53	2,659	879,3	1789	0	41,75	0,3866	0,3866	0	30,73	1,021	8,584	0	
	3050	13,16	13,56	13,85	31,89	18,74	43,15	40,18	2,759	893,5	1824	0	42,25	0,3958	0,3958	0	31,23	1,021	8,584	0	
	3100	13,56	13,97	14,26	32,31	19,23	43,57	40,84	2,858	905,3	1851	0	42,66	0,4052	0,4052	0	31,64	1,021	8,584	0	
	3150	13,96	14,37	14,68	32,73	19,73	43,99	41,5	2,957	916,9	1878	0	43,07	0,4146	0,4146	0	32,04	1,021	8,584	0	
	3200	14,39	14,82	15,13	33,2	20,26	44,46	42,16	3,051	930,3	1901	0	43,54	0,4242	0,4242	0	32,51	1,021	8,584	0	
	3250	14,83	15,26	15,59	33,69	20,8	44,94	42,82	3,145	943,8	1924	0	44,01	0,4338	0,4338	0	32,98	1,021	8,584	0	
	3300	15,26	15,71	16,04	34,13	21,33	45,39	43,48	3,238	956,3	1946	0	44,44	0,4436	0,4436	0	33,42	1,021	8,584	0	
	3350	15,69	16,15	16,49	34,57	21,86	45,83	44,14	3,332	968,5	1967	0	44,87	0,4535	0,4535	0	33,85	1,021	8,584	0	
	3400	16,05	16,52	16,87	34,84	22,32	46,1	44,8	3,423	976,2	1983	0	45,14	0,4635	0,4635	0	34,12	1,021	8,584	0	
	3450	16,37	16,85	17,21	35,03	22,74	46,29	45,45	3,513	981,4	1996	0	45,32	0,4737	0,4737	0	34,3	1,021	8,584	0	
	3500	16,64	17,13	17,49	35,1	23,1	46,36	46,11	3,604	983,5	2000	0	45,4	0,4839	0,4839	0	34,37	1,021	8,584	0	
	3550	16,84	17,34	17,7	35,03	23,39	46,29	46,77	3,697	981,4	1992	0	45,32	0,4943	0,4943	0	34,3	1,021	8,584	0	
	3600	17,04	17,54	17,91	34,95	23,69	46,21	47,43	3,79	979,2	1984	0	45,25	0,5048	0,5048	0	34,22	1,021	8,584	0	
	3650	17,23	17,75	18,12	34,88	23,97	46,13	48,09	3,884	977,1	1980	0	45,17	0,5155	0,5155	0	34,15	1,021	8,584	0	
	3700	17,42	17,94	18,33	34,79	24,26	46,04	48,75	3,979	974,6	1974	0	45,09	0,5262	0,5262	0	34,06	1,021	8,584	0	
	3750	17,56	18,1	18,48	34,62	24,5	45,88	49,41	4,069	970	1966	0	44,92	0,5371	0,5371	0	33,9	1,021	8,584	0	
	3800	17,71	18,25	18,64	34,46	24,73	45,72	50,07	4,16	965,4	1957	0	44,76	0,5481	0,5481	0	33,74	1,021	8,584	0	
	3850	17,91	18,47	18,87	34,42	25,04	45,67	50,72	4,258	964,2	1955	0	44,72	0,5593	0,5593	0	33,7	1,021	8,584	0	
	3900	18,12	18,69	19,09	34,38	25,34	45,64	51,38	4,356	963,2	1954	0	44,69	0,5705	0,5705	0	33,66	1,021	8,584	0	
	3950	18,39	18,97	19,37	34,45	25,7	45,7	52,04	4,446	965,1	1957	0	44,75	0,582	0,582	0	33,73	1,021	8,584	0	
	4000	18,66	19,25	19,66	34,52	26,07	45,78	52,7	4,535	967,3	1960	0	44,83	0,5935	0,5935	0	33,8	1,021	8,584	0	
	4050	18,82	19,42	19,84	34,4	26,33	45,66	53,36	4,629	963,9	1951	0	44,71	0,6051	0,6051	0	33,69	1,021	8,584	0	
	4100	18,92	19,53	19,95	34,17	26,52	45,43	54,02	4,726	957,5	1934	0	44,49	0,6169	0,6169	0	33,46	1,021	8,584	0	
	4150	18,75	19,38	19,79	33,5	26,44	44,76	54,68	4,823	938,6	1894	0	43,83	0,6289	0,6289	0	32,8	1,021	8,584	0	
	4200	18,39	19,04	19,44	32,52	26,17	43,78	55,34	4,92	911,1	1838	0	42,87	0,6409	0,6409	0	31,84	1,021	8,584	0	
	4250	17,7	18,36	18,75	30,99	25,56	42,25	55,99	5,028	868,4	1746	0	41,37	0,6531	0,6531	0	30,35	1,021	8,584	0	
	4300	16,7	17,37	17,74	28,98	24,63	40,24	56,65	5,147	811,9	1620	0	39,4	0,6655	0,6655	0	28,38	1,021	8,584	0	
	4350	15,89	16,57	16,92	27,34	23,9	38,59	57,31	5,28	765,9	1518	0	37,79	0,678	0,678	0	26,77	1,021	8,584	0	
	4400	15,4	16,09	16,44	26,24	23,49	37,5	57,97	5,411	735,1	1452	0	36,72	0,6906	0,6906	0	25,69	1,021	8,584	0	
	4450	15,4	16,1	16,45	25,96	23,58	37,22	58,63	5,534	727,2	1441	0	36,44	0,7034	0,7034	0	25,42	1,021	8,584	0	
	4500	15,65	16,37	16,72	26,09	23,93	37,35	59,29	5,656	731,1	1452	0	36,57	0,7163	0,7163	0	25,55	1,021	8,584	0	
	4550	16,01	16,74	17,09	26,38	24,39	37,64	59,95	5,778	739,2	1469	0	36,86	0,7293	0,7293	0	25,83	1,021	8,584	0	
	4600	16,4	17,15	17,51	26,73	24,88	37,99	60,61	5,899	749	1485	0	37,2	0,7426	0,7426	0	26,18	1,021	8,584	0	
	4650	16,73	17,48	17,86	26,97	25,31	38,23	61,26	6,021	755,6	1496	0	37,43	0,7559	0,7559	0	26,41	1,021	8,584	0	
	4700	16,97	17,74	18,11	27,07	25,65	38,33	61,92	6,143	758,4	1500	0	37,53	0,7694	0,7694	0	26,5	1,021	8,584	0	
	4750	17,29	18,07	18,46	27,29	26,07	38,55	62,58	6,266	764,6	1515	0	37,75	0,7831	0,7831	0	26,72	1,021	8,584	0	
	4800	17,7	18,5	18,9	27,65	26,59	38,9	63,24	6,387	774,6	1540	0	38,09	0,7968	0,7968	0	27,07	1,021	8,584	0	
	4850	18,42	19,23	19,64	28,44	27,42	39,7	63,9	6,499	796,8	1588	0	38,87	0,8108	0,8108	0	27,85	1,021	8,584	0	
	4900	19,19	20,02	20,44	29,3	28,3	40,56	64,56	6,608	820,9	1640	0	39,71	0,8249	0,8249	0	28,69	1,021	8,584	0	
	4950	20,05	20,88	21,33	30,26	29,26	41,52	65,22	6,713	847,7	1695	0	40,65	0,8392	0,8392	0	29,63	1,021	8,584	0	
	5000	20,79	21,64	22,1	31,05	30,12	42,3	65,88	6,815	869,8	1741	0	41,42	0,8536	0,8536	0	30,4	1,021	8,584	0	
	5050	21,42	22,29	22,77	31,66	30,86	42,92	66,53	6,916	887	1776	0	42,02	0,8681	0,8681	0	31	1,021	8,584	0	
	5100	21,99	22,87	23,36	32,17	31,54	43,43	67,19	7,017	901,3	1805	0	42,52	0,8829	0,8829	0	31,5	1,021	8,584	0	
	5150	22,49	23,39	23,89	32,58	32,14	43,84	67,85	7,119	912,7	1828	0	42,92	0,8977	0,8977	0	31,9	1,021	8,584	0	
	5200	23,15	24,06	24,58	33,19	32,91	44,45	68,51	7,218	929,8	1862	0	43,52	0,9128	0,9128	0	32,5	1,021	8,584	0	
	5250	23,94	24,87	25,4	33,97	33,82	45,23	69,17	7,314	951,9	1908	0	44,29	0,928	0,928	0	33,27	1,021	8,584	0	
	5300	24,81	25,75	26,3	34,85	34,8	46,11	69,83	7,406	976,4	1960	0	45,15	0,9433	0,9433	0	34,12	1,021	8,584	0	
	5350	25,77	26,73	27,3	35,82	35,87	47,08	70,49	7,492	1004	2018	0	46,1	0,9588	0,9588	0	35,08	1,021	8,584	0	
	5400	26,69	27,67	28,26	36,75	36,91	48,01	71,15	7,578	1030	2073	0	47,01	0,9744	0,9744	0	35,98	1,021	8,584	0	
	5450	27,45	28,44	29,05	37,42	37,78	48,68	71,8	7,662	1049	2114	0	47,67	0,9904	0,9904	0	36,64	1,021	8,584	0	
	5500	28,21	29,21	29,84	38,1	38,65	49,36	72,46	7,745	1067	2155	0	48,33	1,006	1,006	0	37,3	1,021	8,584	0	
	5550	28,72	29,75	30,38	38,44	39,28	49,7	73,12	7,829	1077	2169	0	48,67	1,023	1,023	0	37,64	1,021	8,584	0	
	5600	29,16	30,2	30,84	38,68	39,82	49,94	73,78	7,912	1084	2176	0	48,9	1,039	1,039	0	37,88	1,021	8,584	0	
	5650	29,54	30,6	31,25	38,85	40,31	50,11	74,44	7,997	1088	2173	0	49,06	1,055	1,055	0	38,04	1,021	8,584	0	
	5700	29,82	30,89	31,55	38,88	40,69	50,14	75,1	8,084	1089	2153	0	49,09	1,072	1,072	0	38,07	1,021	8,584	0	
	5750	30,1	31,19	31,85	38,91	41,07	50,16	75,76	8,171	1090	2133	0	49,12	1,089	1,089	0	38,1	1,021	8,584	0	
	5800	30,37	31,47	32,14	38,93	41,44	50,18	76,42	8,26	1091	2103	0	49,14	1,106	1,106	0	38,11	1,021	8,584	0	
	5850	30,64	31,76	32,44	38,94	41,81	50,2	77,08	8,348	1091	2072	0	49,16	1,123	1,123	0	38,13	1,021	8,584	0	
	5900	31,04	32,18	32,87	39,12	42,32	50,38	77,73	8,44	1096	2042	0	49,33	1,140	1,140	0	38,31	1,021	8,584	0	
	5950	31,47	32,63	33,33	39,34	42,86	50,6	78,39	8,533	1102	2011	0	49,54	1,158	1,158	0	38,52	1,021	8,584	0	
	6000	32,02	33,2	33,91	39,69	43,52	50,95	79,05	8,626	1112	1979	0	49,88	1,176	1,176	0	38,86	1,021	8,584	0	
	6050	32,64	33,83	34,55	40,11	44,25	51,37	79,71	8,719	1124	1944	0	50,3	1,193	1,193	0	39,28	1,021	8,584	0	
	6100	33,33	34,54	35,27	40,61	45,05	51,87	80,37	8,816	1138	1906	0	50,79	1,212	1,212	0	39,76	1,021	8,584	0	
	6150	34,08	35,31	36,07	41,19	45,92	52,44	81,03	8,917	1154	1864	0	51,35	1,23	1,23	0	40,33	1,021	8,584	0	
	6200	34,71	35,96	36,73	41,6	46,67	52,86	81,69	9,019	1166	1807	0	51,76	1,248	1,248	0	40,74	1,021	8,584	0	
	6250	35,23	36,49	37,27	41,88	47,29	53,14	82,35	9,122	1173	1737	0	52,03	1,267	1,267	0	41,01	1,021	8,584	0	
	6300	35,57	36,85	37,64	41,96	47,74	53,22	83	9,238	1176	1651	0	52,11	1,286	1,286	0	41,09	1,021	8,584	0	
	6350	35,78	37,09	37,88	41,89	48,05	53,15	83,66	9,365	1174	1552	0	52,04	1,304	1,304	0	41,02	1,021	8,584	0	
	6400	35,76	37,09	37,88	41,57	48,14	52,83	84,32	9,489	1165	1482	0	51,73	1,324	1,324	0	40,7	1,021	8,584	0	
	6450	35,64	36,98	37,77	41,13	48,11	52,39	84,98	9,618	1152	1420	0	51,29	1,343	1,343	0	40,27	1,021	8,584	0	
	6500	35,33	36,7	37,48	40,5	47,9	51,76	85,64	9,756	1135	1374	0	50,68	1,362	1,362	0	39,65	1,021	8,584	0	
	6550	34,96	36,34	37,11	39,8	47,61	51,06	86,3	9,887	1115	1353	0	49,99	1,382	1,382	0	38,97	1,021	8,584	0	
	6600	34,57	35,97	36,74	39,1	47,32	50,35	86,96	10,02	1095	1344	0	49,31	1,402	1,402	0	38,28	1,021	8,584	0	
	6650	34,17	35,59	36,35	38,39	47,01	49,65	87,62	10,16	1076	1352	0	48,61	1,422	1,422	0	37,59	1,021	8,584	0	
	6700	33,94	35,38	36,13	37,88	46,87	49,14	88,27	10,29	1061	1382	0	48,11	1,442	1,442	0	37,09	1,021	8,584	0	
	6750	33,67	35,14	35,89	37,34	46,7	48,6	88,93	10,42	1046	1407	0	47,59	1,463	1,463	0	36,56	1,021	8,584	0	
	6800	33,36	34,84	35,59	36,76	46,49	48,01	89,59	10,55	1030	1428	0	47,01	1,484	1,484	0	35,99	1,021	8,584	0	
	6850	33,31	34,81	35,56	36,46	46,54	47,72	90,25	10,67	1021	1465	0	46,72	1,504	1,504	0	35,7	1,021	8,584	0	
	6900	33,36	34,89	35,63	36,27	46,69	47,53	90,91	10,79	1016	1507	0	46,54	1,525	1,525	0	35,51	1,021	8,584	0	
	6950	33,59	35,14	35,89	36,27	47,03	47,53	91,57	10,91	1016	1551	0	46,54	1,547	1,547	0	35,51	1,021	8,584	0	
	7000	33,83	35,4	36,15	36,27	47,37	47,53	92,23	11,02	1016	1589	0	46,54	1,568	1,568	0	35,52	1,021	8,584	0	
	7050	34,07	35,66	36,42	36,29	47,72	47,55	92,89	11,13	1017	1617	0	46,55	1,59	1,59	0	35,53	1,021	8,584	0	
	7100	34,43	36,04	36,81	36,41	48,19	47,67	93,54	11,24	1020	1644	0	46,68	1,612	1,612	0	35,65	1,021	8,584	0	
	7150	34,84	36,47	37,25	36,59	48,71	47,84	94,2	11,35	1025	1669	0	46,85	1,634	1,634	0	35,82	1,021	8,584	0	
	7200	35,38	37,03	37,82	36,89	49,36	48,15	94,86	11,46	1034	1695	0	47,15	1,656	1,656	0	36,12	1,021	8,584	0	
	7250	35,94	37,61	38,41	37,21	50,04	48,47	95,52	11,57	1043	1720	0	47,46	1,678	1,678	0	36,44	1,021	8,584	0	
	7300	36,51	38,21	39,02	37,54	50,72	48,8	96,18	11,67	1052	1739	0	47,78	1,701	1,701	0	36,76	1,021	8,584	0	
	7350	37,08	38,81	39,63	37,87	51,41	49,13	96,84	11,77	1061	1758	0	48,11	1,724	1,724	0	37,08	1,021	8,584	0	
	7400	37,71	39,46	40,3	38,25	52,16	49,51	97,5	11,88	1072	1770	0	48,47	1,747	1,747	0	37,45	1,021	8,584	0	
	7450	38,36	40,13	40,98	38,63	52,92	49,89	98,16	11,98	1082	1781	0	48,85	1,77	1,77	0	37,83	1,021	8,584	0	
	7500	39,06	40,85	41,72	39,07	53,74	50,32	98,81	12,08	1095	1786	0	49,28	1,794	1,794	0	38,25	1,021	8,584	0	
	7550	39,78	41,6	42,48	39,52	54,59	50,78	99,47	12,18	1107	1790	0	49,72	1,817	1,817	0	38,7	1,021	8,584	0	
	7600	40,62	42,47	43,36	40,07	55,55	51,34	100,1	12,29	1123	1791	0	50,27	1,841	1,841	0	39,24	1,021	8,584	0	
	7650	41,51	43,38	44,29	40,66	56,56	51,93	100,8	12,39	1139	1793	0	50,85	1,865	1,865	0	39,82	1,021	8,584	0	
	7700	42,55	44,44	45,37	41,38	57,73	52,65	101,4	12,49	1160	1795	0	51,55	1,889	1,889	0	40,53	1,021	8,584	0	
	7750	43,61	45,52	46,48	42,12	58,91	53,39	102,1	12,59	1180	1795	0	52,27	1,914	1,914	0	41,25	1,021	8,584	0	
	7800	44,73	46,66	47,65	42,9	60,16	54,17	102,8	12,69	1202	1789	0	53,04	1,939	1,939	0	42,01	1,021	8,584	0	
	7850	45,85	47,82	48,83	43,68	61,42	54,95	103,4	12,8	1224	1779	0	53,81	1,964	1,964	0	42,78	1,021	8,584	0	
	7900	47,01	49	50,03	44,47	62,7	55,74	104,1	12,9	1246	1760	0	54,58	1,989	1,989	0	43,56	1,021	8,584	0	
	7950	48,16	50,17	51,23	45,26	63,98	56,53	104,7	13,01	1268	1740	0	55,35	2,014	2,014	0	44,32	1,021	8,584	0	
	8000	49,31	51,35	52,43	46,03	65,27	57,3	105,4	13,12	1290	1716	0	56,1	2,04	2,04	0	45,08	1,021	8,584	0	
	8050	50,41	52,48	53,58	46,75	66,5	58,02	106,1	13,22	1310	1690	0	56,81	2,066	2,066	0	45,78	1,021	8,584	0	
	8100	51,48	53,57	54,7	47,42	67,69	58,69	106,7	13,33	1329	1664	0	57,47	2,092	2,092	0	46,45	1,021	8,584	0	
	8150	52,45	54,57	55,72	48,02	68,8	59,28	107,4	13,45	1346	1633	0	58,05	2,118	2,118	0	47,03	1,021	8,584	0	
	8200	53,4	55,54	56,71	48,58	69,87	59,84	108	13,56	1361	1600	0	58,6	2,144	2,144	0	47,57	1,021	8,584	0	
	8250	54,15	56,32	57,51	48,96	70,75	60,23	108,7	13,68	1372	1561	0	58,97	2,171	2,171	0	47,95	1,021	8,584	0	
	8300	54,82	57,02	58,22	49,27	71,54	60,53	109,4	13,8	1381	1523	0	59,27	2,198	2,198	0	48,25	1,021	8,584	0	
	8350	55,3	57,52	58,74	49,41	72,13	60,67	110	13,93	1384	1488	0	59,41	2,225	2,225	0	48,39	1,021	8,584	0	
	8400	55,82	58,08	59,3	49,58	72,78	60,85	110,7	14,05	1389	1473	0	59,58	2,252	2,252	0	48,56	1,021	8,584	0	
	8450	56,36	58,64	59,87	49,77	73,43	61,03	111,3	14,18	1395	1468	0	59,76	2,280	2,280	0	48,74	1,021	8,584	0	
	8500	56,83	59,14	60,39	49,9	74,03	61,17	112	14,3	1398	1474	0	59,89	2,308	2,308	0	48,87	1,021	8,584	0	
	8550	57,12	59,45	60,71	49,87	74,42	61,14	112,6	14,42	1397	1474	0	59,86	2,336	2,336	0	48,84	1,021	8,584	0	
	8600	57,17	59,54	60,79	49,65	74,59	60,92	113,3	14,55	1391	1467	0	59,65	2,364	2,364	0	48,62	1,021	8,584	0	
	8650	57,33	59,73	60,98	49,52	74,86	60,79	114	14,67	1388	1476	0	59,52	2,393	2,393	0	48,5	1,021	8,584	0	
	8700	57,52	59,94	61,2	49,41	75,16	60,68	114,6	14,8	1385	1487	0	59,42	2,421	2,421	0	48,39	1,021	8,584	0	
	8750	57,72	60,17	61,44	49,32	75,48	60,59	115,3	14,91	1382	1498	0	59,32	2,45	2,45	0	48,3	1,021	8,584	0	
	8800	57,82	60,3	61,57	49,14	75,69	60,41	115,9	15,04	1377	1506	0	59,15	2,48	2,48	0	48,13	1,021	8,584	0	
	8850	57,84	60,35	61,62	48,9	75,82	60,17	116,6	15,16	1370	1512	0	58,92	2,509	2,509	0	47,89	1,021	8,584	0	
	8900	57,86	60,4	61,67	48,67	75,95	59,94	117,3	15,28	1364	1521	0	58,69	2,539	2,539	0	47,67	1,021	8,584	0	
	8950	57,89	60,46	61,73	48,44	76,09	59,71	117,9	15,4	1358	1531	0	58,47	2,569	2,569	0	47,44	1,021	8,584	0	
	9000	57,91	60,51	61,79	48,22	76,23	59,49	118,6	15,52	1351	1544	0	58,25	2,599	2,599	0	47,22	1,021	8,584	0	
	9050	57,94	60,57	61,84	47,99	76,36	59,26	119,2	15,63	1345	1556	0	58,03	2,629	2,629	0	47	1,021	8,584	0	
	9100	57,96	60,62	61,9	47,77	76,5	59,04	119,9	15,75	1339	1566	0	57,81	2,66	2,66	0	46,79	1,021	8,584	0	
	9150	58,01	60,7	61,98	47,57	76,66	58,84	120,6	15,87	1333	1576	0	57,62	2,691	2,691	0	46,59	1,021	8,584	0	
	9200	58,07	60,79	62,08	47,39	76,84	58,66	121,2	15,98	1328	1585	0	57,44	2,722	2,722	0	46,41	1,021	8,584	0	
	9250	58,2	60,95	62,23	47,25	77,07	58,52	121,9	16,09	1324	1595	0	57,3	2,753	2,753	0	46,28	1,021	8,584	0	
	9300	58,32	61,11	62,4	47,12	77,32	58,39	122,5	16,21	1321	1603	0	57,17	2,785	2,785	0	46,15	1,021	8,584	0	
	9350	58,46	61,27	62,56	47	77,57	58,27	123,2	16,32	1317	1609	0	57,05	2,817	2,817	0	46,03	1,021	8,584	0	
	9400	58,74	61,59	62,88	46,99	77,96	58,25	123,8	16,44	1317	1621	0	57,04	2,849	2,849	0	46,02	1,021	8,584	0	
	9450	59,1	61,98	63,28	47,03	78,44	58,3	124,5	16,55	1318	1638	0	57,09	2,881	2,881	0	46,06	1,021	8,584	0	
	9500	59,41	62,32	63,63	47,04	78,87	58,31	125,2	16,66	1318	1645	0	57,1	2,914	2,914	0	46,07	1,021	8,584	0	
	9550	59,7	62,65	63,97	47,05	79,29	58,32	125,8	16,77	1318	1650	0	57,1	2,947	2,947	0	46,08	1,021	8,584	0	
	9600	59,93	62,91	64,23	46,99	79,63	58,26	126,5	16,88	1317	1643	0	57,05	2,98	2,98	0	46,02	1,021	8,584	0	
	9650	60,16	63,17	64,5	46,95	79,98	58,21	127,1	16,99	1316	1638	0	57	3,014	3,014	0	45,98	1,021	8,584	0	
	9700	60,43	63,47	64,81	46,93	80,37	58,2	127,8	17,11	1315	1636	0	56,98	3,047	3,047	0	45,96	1,021	8,584	0	
	9750	60,72	63,8	65,15	46,93	80,79	58,2	128,5	17,22	1315	1636	0	56,98	3,081	3,081	0	45,96	1,021	8,584	0	
	9800	61,05	64,16	65,51	46,95	81,24	58,22	129,1	17,33	1316	1641	0	57,01	3,115	3,115	0	45,98	1,021	8,584	0	
	9850	61,32	64,47	65,83	46,94	81,63	58,21	129,8	17,44	1315	1642	0	57	3,15	3,15	0	45,97	1,021	8,584	0	
	9900	61,57	64,76	66,12	46,91	82	58,18	130,4	17,55	1315	1643	0	56,97	3,184	3,184	0	45,94	1,021	8,584	0	
	9950	61,71	64,93	66,3	46,8	82,27	58,07	131,1	17,66	1312	1633	0	56,86	3,219	3,219	0	45,84	1,021	8,584	0	
	10000	61,83	65,09	66,46	46,68	82,5	57,95	131,8	17,77	1308	1620	0	56,74	3,254	3,254	0	45,72	1,021	8,584	0	
	10050	61,89	65,18	66,55	46,51	82,67	57,78	132,4	17,89	1303	1604	0	56,57	3,29	3,29	0	45,55	1,021	8,584	0	
	10100	61,91	65,24	66,61	46,32	82,82	57,59	133,1	18,01	1298	1590	0	56,39	3,326	3,326	0	45,37	1,021	8,584	0	
	10150	61,89	65,25	66,62	46,1	82,91	57,37	133,7	18,12	1292	1579	0	56,18	3,362	3,362	0	45,15	1,021	8,584	0	
	10200	61,81	65,21	66,58	45,85	82,95	57,12	134,4	18,24	1285	1570	0	55,93	3,398	3,398	0	44,9	1,021	8,584	0	
	10250	61,7	65,14	66,51	45,57	82,95	56,84	135	18,36	1277	1563	0	55,66	3,434	3,434	0	44,63	1,021	8,584	0	
	10300	61,48	64,95	66,32	45,23	82,85	56,49	135,7	18,47	1267	1557	0	55,32	3,471	3,471	0	44,29	1,021	8,584	0	
	10350	61,22	64,73	66,1	44,85	82,7	56,12	136,4	18,59	1257	1551	0	54,95	3,508	3,508	0	43,93	1,021	8,584	0	
	10400	60,86	64,41	65,77	44,42	82,45	55,68	137	18,71	1245	1546	0	54,52	3,546	3,546	0	43,5	1,021	8,584	0	
	10450	60,47	64,05	65,4	43,96	82,17	55,23	137,7	18,83	1232	1542	0	54,07	3,583	3,583	0	43,05	1,021	8,584	0	
	10500	60,04	63,67	65,01	43,48	81,85	54,75	138,3	18,95	1219	1539	0	53,61	3,621	3,621	0	42,59	1,021	8,584	0	
	10550	59,62	63,28	64,61	43,02	81,54	54,28	139	19,07	1205	1539	0	53,15	3,659	3,659	0	42,13	1,021	8,584	0	
	10600	59,21	62,91	64,23	42,56	81,24	53,83	139,7	19,19	1193	1541	0	52,71	3,698	3,698	0	41,68	1,021	8,584	0	
	10650	58,87	62,6	63,92	42,16	81,01	53,43	140,3	19,3	1181	1550	0	52,31	3,736	3,736	0	41,29	1,021	8,584	0	
	10700	58,55	62,33	63,64	41,77	80,8	53,04	141	19,42	1171	1560	0	51,94	3,775	3,775	0	40,91	1,021	8,584	0	
	10750	58,26	62,08	63,38	41,41	80,63	52,68	141,6	19,54	1161	1573	0	51,58	3,814	3,814	0	40,56	1,021	8,584	0	
	10800	58,02	61,87	63,18	41,09	80,5	52,35	142,3	19,65	1151	1584	0	51,26	3,854	3,854	0	40,24	1,021	8,584	0	
	10850	57,79	61,68	62,98	40,77	80,39	52,04	143	19,77	1143	1595	0	50,95	3,894	3,894	0	39,93	1,021	8,584	0	
	10900	57,44	61,37	62,67	40,38	80,15	51,65	143,6	19,88	1132	1595	0	50,57	3,934	3,934	0	39,55	1,021	8,584	0	
	10950	57,11	61,08	62,37	40,01	79,94	51,27	144,3	19,99	1121	1595	0	50,2	3,974	3,974	0	39,18	1,021	8,584	0	
	11000	56,82	60,84	62,12	39,67	79,77	50,93	144,9	20,11	1112	1598	0	49,87	4,015	4,015	0	38,85	1,021	8,584	0	
	11050	56,72	60,77	62,05	39,44	79,78	50,71	145,6	20,23	1105	1609	0	49,65	4,056	4,056	0	38,63	1,021	8,584	0	
	11100	56,76	60,86	62,14	39,32	79,95	50,59	146,2	20,34	1102	1626	0	49,53	4,097	4,097	0	38,51	1,021	8,584	0	
	11150	56,65	60,79	62,07	39,1	79,96	50,37	146,9	20,45	1096	1629	0	49,32	4,139	4,139	0	38,29	1,021	8,584	0	
	11200	56,49	60,67	61,95	38,85	79,91	50,11	147,6	20,56	1089	1627	0	49,07	4,18	4,18	0	38,05	1,021	8,584	0	
	11250	56,15	60,38	61,65	38,49	79,7	49,76	148,2	20,67	1079	1617	0	48,72	4,222	4,222	0	37,7	1,021	8,584	0	
	11300	55,86	60,12	61,39	38,16	79,52	49,42	148,9	20,79	1069	1609	0	48,39	4,265	4,265	0	37,37	1,021	8,584	0	
	11350	55,74	60,05	61,32	37,94	79,52	49,21	149,5	20,9	1063	1615	0	48,19	4,307	4,307	0	37,16	1,021	8,584	0	
	11400	55,58	59,93	61,19	37,7	79,48	48,97	150,2	21,01	1056	1618	0	47,95	4,350	4,350	0	36,92	1,021	8,584	0	
	11450	55,34	59,73	60,99	37,41	79,36	48,68	150,9	21,13	1048	1618	0	47,67	4,394	4,394	0	36,64	1,021	8,584	0	
	11500	55,03	59,46	60,72	37,08	79,16	48,35	151,5	21,24	1039	1613	0	47,34	4,437	4,437	0	36,32	1,021	8,584	0	
	11550	54,67	59,15	60,4	36,73	78,93	48	152,2	21,36	1029	1604	0	47	4,481	4,481	0	35,97	1,021	8,584	0	
	11600	54,08	58,61	59,84	36,23	78,45	47,5	152,8	21,47	1015	1590	0	46,51	4,525	4,525	0	35,49	1,021	8,584	0	
	11650	53,42	57,99	59,21	35,7	77,89	46,96	153,5	21,59	1000	1574	0	45,98	4,569	4,569	0	34,96	1,021	8,584	0	
	11700	52,51	57,12	58,33	35,01	77,09	46,28	154,2	21,71	981,2	1554	0	45,32	4,614	4,614	0	34,29	1,021	8,584	0	
	11750	51,64	56,3	57,49	34,37	76,34	45,63	154,8	21,83	963	1538	0	44,68	4,659	4,659	0	33,66	1,021	8,584	0	
	11800	50,82	55,53	56,7	33,75	75,63	45,01	155,5	21,95	945,7	1525	0	44,08	4,704	4,704	0	33,05	1,021	8,584	0	
	11850	49,96	54,71	55,86	33,11	74,87	44,38	156,1	22,07	927,9	1513	0	43,45	4,75	4,75	0	32,43	1,021	8,584	0	
	11900	49,12	53,92	55,06	32,49	74,14	43,76	156,8	22,19	910,6	1504	0	42,85	4,796	4,796	0	31,82	1,021	8,584	0	
	11950	48,45	53,29	54,42	31,99	73,58	43,25	157,4	22,31	896,2	1506	0	42,35	4,842	4,842	0	31,32	1,021	8,584	0	
	12000	48,02	52,9	54,03	31,62	73,27	42,88	158,1	22,43	886	1517	0	41,99	4,889	4,889	0	30,96	1,021	8,584	0	
	12050	47,76	52,7	53,82	31,37	73,13	42,63	158,8	22,55	878,9	1535	0	41,74	4,935	4,935	0	30,71	1,021	8,584	0	
	12100	47,18	52,17	53,28	30,93	72,67	42,18	159,4	22,67	866,5	1532	0	41,31	4,983	4,983	0	30,28	1,021	8,584	0	
	12150	46,53	51,56	52,66	30,44	72,14	41,7	160,1	22,78	852,9	1524	0	40,83	5,03	5,03	0	29,81	1,021	8,584	0	
	12200	45,76	50,83	51,92	29,89	71,47	41,15	160,7	22,91	837,4	1510	0	40,29	5,078	5,078	0	29,27	1,021	8,584	0	
	12250	45,16	50,28	51,35	29,45	70,99	40,7	161,4	23,03	825	1503	0	39,86	5,126	5,126	0	28,83	1,021	8,584	0	
	12300	44,69	49,87	50,93	29,08	70,64	40,34	162,1	23,15	814,8	1499	0	39,5	5,174	5,174	0	28,47	1,021	8,584	0	
	12350	44,13	49,35	50,4	28,66	70,2	39,92	162,7	23,28	803,1	1479	0	39,09	5,223	5,223	0	28,07	1,021	8,584	0	
	12400	43,56	48,83	49,87	28,25	69,75	39,51	163,4	23,4	791,4	1455	0	38,68	5,272	5,272	0	27,66	1,021	8,584	0	
	12450	43,02	48,34	49,37	27,85	69,33	39,11	164	23,54	780,3	1427	0	38,3	5,321	5,321	0	27,27	1,021	8,584	0	
	12500	42,04	47,41	48,42	27,21	68,46	38,47	164,7	23,67	762,3	1388	0	37,66	5,371	5,371	0	26,64	1,021	8,584	0	
	12550	40,68	46,1	47,09	26,35	67,2	37,61	165,3	23,8	738,3	1337	0	36,83	5,421	5,421	0	25,8	1,021	8,584	0	
	12600	38,56	44,03	44,97	25,07	65,17	36,33	166	23,95	702,3	1258	0	35,57	5,471	5,471	0	24,54	1,021	8,584	0	
	12650	37,48	43	43,92	24,38	64,2	35,64	166,7	24,11	683,2	1215	0	34,9	5,522	5,522	0	23,88	1,021	8,584	0	
	12700	37,49	43,06	43,98	24,32	64,34	35,58	167,3	24,26	681,5	1215	0	34,84	5,573	5,573	0	23,82	1,021	8,584	0	
	12750	37,9	43,53	44,45	24,49	64,89	35,75	168	24,4	686,1	1228	0	35	5,624	5,624	0	23,98	1,021	8,584	0	
	12800	38,07	43,75	44,68	24,52	65,2	35,78	168,6	24,55	686,9	1224	0	35,03	5,675	5,675	0	24,01	1,021	8,584	0	
	12850	37,66	43,38	44,31	24,22	64,91	35,48	169,3	24,71	678,5	1195	0	34,74	5,727	5,727	0	23,71	1,021	8,584	0	
	12900	36,6	42,38	43,28	23,57	63,96	34,83	170	24,87	660,3	1157	0	34,1	5,779	5,779	0	23,08	1,021	8,584	0	
	12950	35,01	40,84	41,71	22,62	62,47	33,88	170,6	25,03	633,8	1107	0	33,17	5,832	5,832	0	22,15	1,021	8,584	0	
	13000	33,29	39,17	40,01	21,62	60,85	32,87	171,3	25,21	605,6	1048	0	32,19	5,885	5,885	0	21,17	1,021	8,584	0	
	13050	32,46	38,4	39,22	21,11	60,14	32,36	171,9	25,4	591,3	1006	0	31,69	5,938	5,938	0	20,67	1,021	8,584	0	
