																					
	<<Vitesse moteur>>	Puissance Brute Mesurée	Puissance à la roue	Puissance roue corrigée	Couple corrigé Roue	Puissance corrigée moteur	Couple corrigé moteur	Vitesse véhicule	Temps acquisition Mesure	Force à la Roue	Accélération Linéaire	OBD-PID13 : Vitesse du véhicule	Couple moteur brut	Puissance Pertes Calibrées Totales	Puissance Pertes Calibrées Banc	Puissance Pertes Calibrées Vehicule	Couple brut	Facteur de correction	Rapport de sortie	Rapport Global Dynamique	Facteur de pertes transmission
	tr/min	ch	ch	ch	N.m	ch	N.m	Km/h	s	N	mm/s²	Km/h	N.m	ch	ch	ch	N.m	 	 	 	%
	2000	6,014	6,239	6,377	22,57	9,033	31,72	26,35	0E-13	631,9	1110		31,04	0,2242	0,2242	0	22,08	1,022	8,584	0	26,05
	2050	6,491	6,723	6,872	23,61	9,595	32,85	27,01	0,1296	660,8	1196		32,14	0,2315	0,2315	0	23,09	1,022	8,584	0	26,05
	2100	6,969	7,207	7,367	24,64	10,16	33,97	27,67	0,2592	689,7	1281		33,23	0,2389	0,2389	0	24,1	1,022	8,584	0	26,05
	2150	7,446	7,692	7,862	25,67	10,72	35	28,33	0,3887	718,6	1367		34,24	0,2463	0,2463	0	25,11	1,022	8,584	0	26,05
	2200	7,77	8,023	8,201	26,18	11,12	35,51	28,99	0,5171	732,9	1419		34,74	0,2538	0,2538	0	25,62	1,022	8,584	0	26,05
	2250	7,93	8,191	8,372	26,13	11,36	35,46	29,64	0,6442	731,6	1436		34,7	0,2613	0,2613	0	25,57	1,022	8,584	0	26,05
	2300	7,97	8,239	8,422	25,72	11,48	35,05	30,3	0,7786	720,1	1422		34,29	0,269	0,269	0	25,16	1,022	8,584	0	26,05
	2350	8,012	8,289	8,472	25,32	11,59	34,65	30,96	0,912	708,9	1407		33,9	0,2767	0,2767	0	24,78	1,022	8,584	0	26,05
	2400	8,072	8,357	8,542	25	11,73	34,33	31,62	1,043	699,8	1394		33,58	0,2845	0,2845	0	24,46	1,022	8,584	0	26,05
	2450	8,247	8,539	8,728	25,02	11,98	34,35	32,28	1,176	700,4	1396		33,61	0,2925	0,2925	0	24,48	1,022	8,584	0	26,05
	2500	8,475	8,775	8,969	25,2	12,29	34,53	32,94	1,306	705,3	1407		33,78	0,3005	0,3005	0	24,65	1,022	8,584	0	26,05
	2550	8,764	9,072	9,273	25,54	12,66	34,87	33,6	1,432	714,9	1428		34,11	0,3086	0,3086	0	24,99	1,022	8,584	0	26,05
	2600	8,987	9,304	9,51	25,69	12,96	35,02	34,26	1,557	719,1	1437		34,26	0,3169	0,3169	0	25,13	1,022	8,584	0	26,05
	2650	9,195	9,52	9,731	25,79	13,25	35,12	34,91	1,683	722	1444		34,36	0,3252	0,3252	0	25,23	1,022	8,584	0	26,05
	2700	9,405	9,739	9,954	25,89	13,54	35,22	35,57	1,813	724,9	1450		34,46	0,3337	0,3337	0	25,33	1,022	8,584	0	26,05
	2750	9,775	10,12	10,34	26,4	13,99	35,73	36,23	1,937	739,2	1483		34,96	0,3422	0,3422	0	25,83	1,022	8,584	0	26,05
	2800	10,23	10,58	10,81	27,12	14,53	36,45	36,89	2,058	759,2	1527		35,66	0,3509	0,3509	0	26,53	1,022	8,584	0	26,05
	2850	10,85	11,21	11,46	28,23	15,25	37,56	37,55	2,167	790,3	1593		36,75	0,3597	0,3597	0	27,62	1,022	8,584	0	26,05
	2900	11,46	11,83	12,09	29,28	15,94	38,61	38,21	2,275	819,7	1654		37,77	0,3685	0,3685	0	28,65	1,022	8,584	0	26,05
	2950	11,98	12,36	12,63	30,06	16,55	39,39	38,87	2,378	841,6	1699		38,54	0,3775	0,3775	0	29,41	1,022	8,584	0	26,05
	3000	12,45	12,83	13,12	30,71	17,1	40,04	39,53	2,481	859,7	1735		39,17	0,3866	0,3866	0	30,05	1,022	8,584	0	26,05
	3050	12,74	13,14	13,43	30,93	17,48	40,26	40,18	2,586	865,8	1745		39,39	0,3958	0,3958	0	30,26	1,022	8,584	0	26,05
	3100	13,07	13,48	13,78	31,21	17,9	40,54	40,84	2,692	873,7	1759		39,66	0,4051	0,4051	0	30,54	1,022	8,584	0	26,05
	3150	13,46	13,88	14,19	31,63	18,37	40,96	41,5	2,799	885,4	1782		40,07	0,4146	0,4146	0	30,94	1,022	8,584	0	26,05
	3200	13,96	14,38	14,7	32,26	18,95	41,59	42,16	2,9	903,1	1822		40,69	0,4241	0,4241	0	31,56	1,022	8,584	0	26,05
	3250	14,58	15,01	15,34	33,14	19,66	42,47	42,82	2,994	927,8	1879		41,55	0,4338	0,4338	0	32,42	1,022	8,584	0	26,05
	3300	15,07	15,51	15,85	33,74	20,24	43,07	43,48	3,086	944,6	1918		42,14	0,4436	0,4436	0	33,01	1,022	8,584	0	26,05
	3350	15,32	15,77	16,12	33,8	20,57	43,13	44,14	3,173	946,3	1922		42,2	0,4535	0,4535	0	33,07	1,022	8,584	0	26,05
	3400	15,52	15,99	16,34	33,76	20,86	43,09	44,8	3,262	945,1	1919		42,16	0,4635	0,4635	0	33,03	1,022	8,584	0	26,05
	3450	14,96	15,43	15,77	32,13	20,35	41,46	45,45	3,373	899,3	1816		40,56	0,4737	0,4737	0	31,43	1,022	8,584	0	26,05
	3500	14,45	14,93	15,26	30,63	19,91	39,96	46,11	3,487	857,5	1724		39,09	0,4839	0,4839	0	29,97	1,022	8,584	0	26,05
	3550	14,12	14,62	14,94	29,57	19,66	38,9	46,77	3,615	827,7	1666		38,05	0,4943	0,4943	0	28,93	1,022	8,584	0	26,05
	3600	14,34	14,85	15,18	29,6	19,96	38,93	47,43	3,722	828,6	1671		38,09	0,5048	0,5048	0	28,96	1,022	8,584	0	26,05
	3650	14,82	15,33	15,67	30,16	20,52	39,49	48,09	3,82	844,2	1705		38,63	0,5154	0,5154	0	29,5	1,022	8,584	0	26,05
	3700	15,4	15,92	16,27	30,88	21,19	40,21	48,75	3,921	864,5	1746		39,34	0,5262	0,5262	0	30,21	1,022	8,584	0	26,05
	3750	16,03	16,57	16,93	31,71	21,91	41,04	49,41	4,023	887,6	1792		40,15	0,5371	0,5371	0	31,02	1,022	8,584	0	26,05
	3800	16,54	17,08	17,46	32,27	22,51	41,6	50,07	4,12	903,4	1824		40,7	0,5481	0,5481	0	31,57	1,022	8,584	0	26,05
	3850	16,98	17,54	17,93	32,71	23,05	42,04	50,72	4,215	915,6	1849		41,13	0,5592	0,5592	0	32	1,022	8,584	0	26,05
	3900	17,34	17,91	18,32	32,98	23,49	42,3	51,38	4,313	923,1	1863		41,39	0,5705	0,5705	0	32,26	1,022	8,584	0	26,05
	3950	17,64	18,22	18,64	33,14	23,87	42,44	52,04	4,415	926,9	1870		41,52	0,5819	0,5819	0	32,39	1,023	8,584	0	26,05
	4000	17,73	18,32	18,75	32,92	24,04	42,22	52,7	4,513	920,8	1856		41,31	0,5935	0,5935	0	32,18	1,023	8,584	0	26,05
	4050	17,69	18,29	18,72	32,46	24,08	41,76	53,36	4,608	907,8	1828		40,85	0,6051	0,6051	0	31,73	1,023	8,584	0	26,05
	4100	17,08	17,69	18,1	31,03	23,53	40,33	54,02	4,714	867,8	1741		39,46	0,6169	0,6169	0	30,33	1,023	8,584	0	26,05
	4150	15,91	16,54	16,93	28,66	22,42	37,96	54,68	4,829	801,4	1596		37,13	0,6288	0,6288	0	28,01	1,023	8,584	0	26,05
	4200	13,6	14,24	14,57	24,39	20,14	33,69	55,34	4,985	682	1342		32,96	0,6409	0,6409	0	23,84	1,023	8,584	0	26,05
	4250	11,17	11,82	12,1	20	17,73	29,31	55,99	5,17	559,3	1082		28,68	0,6531	0,6531	0	19,55	1,023	8,584	0	26,05
	4300	9,644	10,31	10,55	17,23	16,25	26,55	56,65	5,373	482	915,6		25,97	0,6655	0,6655	0	16,84	1,023	8,584	0	26,05
	4350	9,469	10,15	10,38	16,76	16,15	26,07	57,31	5,58	468,8	888,8		25,51	0,678	0,678	0	16,38	1,023	8,584	0	26,05
	4400	10,1	10,79	11,04	17,62	16,87	26,93	57,97	5,763	492,7	944,7		26,35	0,6906	0,6906	0	17,22	1,023	8,584	0	26,05
	4450	10,77	11,48	11,74	18,53	17,64	27,84	58,63	5,936	518,3	998,4		27,24	0,7034	0,7034	0	18,11	1,023	8,584	0	26,05
	4500	11,31	12,02	12,3	19,2	18,27	28,51	59,29	6,116	536,9	1032		27,89	0,7163	0,7163	0	18,76	1,023	8,584	0	26,05
	4550	11,83	12,56	12,85	19,83	18,88	29,14	59,95	6,293	554,6	1068		28,51	0,7293	0,7293	0	19,38	1,023	8,584	0	26,05
	4600	12,34	13,08	13,38	20,44	19,48	29,74	60,61	6,451	571,5	1109		29,1	0,7425	0,7425	0	19,97	1,023	8,584	0	26,05
	4650	12,37	13,12	13,43	20,28	19,59	29,59	61,26	6,613	567,2	1100		28,95	0,7559	0,7559	0	19,82	1,023	8,584	0	26,05
	4700	12,47	13,24	13,55	20,25	19,78	29,56	61,92	6,792	566,2	1097		28,92	0,7694	0,7694	0	19,79	1,023	8,584	0	26,05
	4750	13,03	13,81	14,13	20,89	20,43	30,2	62,58	6,954	584,3	1136		29,55	0,7831	0,7831	0	20,42	1,023	8,584	0	26,05
	4800	13,86	14,66	15	21,94	21,36	31,25	63,24	7,102	613,7	1197		30,58	0,7969	0,7969	0	21,45	1,023	8,584	0	26,05
	4850	14,83	15,64	16	23,17	22,43	32,48	63,9	7,245	648	1265		31,77	0,8108	0,8108	0	22,64	1,023	8,584	0	26,05
	4900	15,78	16,61	16,99	24,35	23,48	33,66	64,56	7,378	681	1336		32,93	0,8249	0,8249	0	23,8	1,023	8,584	0	26,05
	4950	16,74	17,58	17,99	25,52	24,54	34,82	65,22	7,507	713,6	1406		34,07	0,8392	0,8392	0	24,94	1,023	8,584	0	26,05
	5000	17,7	18,56	18,99	26,67	25,61	35,97	65,88	7,63	745,7	1476		35,19	0,8535	0,8535	0	26,06	1,023	8,584	0	26,05
	5050	18,59	19,46	19,91	27,69	26,6	36,99	66,53	7,745	774,3	1537		36,19	0,8681	0,8681	0	27,06	1,023	8,584	0	26,05
	5100	19,47	20,35	20,82	28,68	27,58	37,98	67,19	7,858	801,9	1596		37,15	0,8828	0,8828	0	28,03	1,023	8,584	0	26,05
	5150	20,36	21,25	21,75	29,65	28,57	38,95	67,85	7,968	829,2	1655		38,11	0,8977	0,8977	0	28,98	1,023	8,584	0	26,05
	5200	21,33	22,24	22,76	30,73	29,64	40,03	68,51	8,076	859,4	1720		39,16	0,9127	0,9127	0	30,03	1,023	8,584	0	26,05
	5250	22,62	23,55	24,1	32,23	31,05	41,52	69,17	8,175	901,2	1810		40,62	0,928	0,928	0	31,5	1,023	8,584	0	26,05
	5300	23,94	24,89	25,46	33,74	32,48	43,03	69,83	8,271	943,5	1901		42,1	0,9433	0,9433	0	32,97	1,023	8,584	0	26,05
	5350	25,35	26,31	26,92	35,32	34	44,62	70,49	8,355	987,8	1994		43,65	0,9589	0,9589	0	34,52	1,023	8,584	0	26,05
	5400	26,77	27,74	28,38	36,91	35,53	46,2	71,15	8,439	1032	2087		45,2	0,9745	0,9745	0	36,07	1,023	8,584	0	26,05
	5450	27,84	28,83	29,5	38,01	36,71	47,3	71,8	8,52	1063	2149		46,27	0,9904	0,9904	0	37,15	1,023	8,584	0	26,05
	5500	28,84	29,85	30,54	38,98	37,81	48,27	72,46	8,599	1090	2204		47,23	1,006	1,006	0	38,1	1,023	8,584	0	26,05
	5550	29,69	30,71	31,42	39,76	38,76	49,05	73,12	8,68	1112	2247		47,99	1,022	1,022	0	38,86	1,023	8,584	0	26,05
	5600	30,19	31,22	31,95	40,07	39,35	49,35	73,78	8,761	1120	2263		48,29	1,039	1,039	0	39,16	1,023	8,584	0	26,05
	5650	30,68	31,74	32,47	40,37	39,95	49,66	74,44	8,843	1129	2279		48,58	1,055	1,055	0	39,45	1,023	8,584	0	26,05
	5700	30,95	32,02	32,76	40,37	40,3	49,66	75,1	8,924	1129	2281		48,59	1,072	1,072	0	39,46	1,023	8,584	0	26,05
	5750	31,17	32,26	33,01	40,32	40,61	49,61	75,76	9,005	1128	2281		48,54	1,089	1,089	0	39,41	1,023	8,584	0	26,05
	5800	31,38	32,49	33,24	40,25	40,91	49,54	76,42	9,086	1126	2279		48,47	1,106	1,106	0	39,34	1,023	8,584	0	26,05
	5850	31,56	32,68	33,44	40,15	41,17	49,43	77,08	9,167	1123	2275		48,36	1,123	1,123	0	39,24	1,023	8,584	0	26,05
	5900	31,73	32,87	33,64	40,04	41,44	49,33	77,73	9,248	1120	2271		48,26	1,140	1,140	0	39,13	1,023	8,584	0	26,05
	5950	32,06	33,22	33,99	40,12	41,86	49,41	78,39	9,329	1122	2271		48,34	1,158	1,158	0	39,21	1,023	8,584	0	26,05
	6000	32,41	33,58	34,36	40,22	42,29	49,51	79,05	9,41	1125	2272		48,44	1,176	1,176	0	39,31	1,023	8,584	0	26,05
	6050	32,89	34,08	34,87	40,48	42,87	49,77	79,71	9,49	1132	2285		48,69	1,193	1,193	0	39,56	1,023	8,584	0	26,05
	6100	33,55	34,76	35,56	40,94	43,63	50,23	80,37	9,57	1145	2311		49,14	1,212	1,212	0	40,02	1,023	8,584	0	26,05
	6150	34,21	35,44	36,26	41,41	44,39	50,7	81,03	9,649	1158	2337		49,6	1,23	1,23	0	40,47	1,023	8,584	0	26,05
	6200	34,76	36,01	36,84	41,73	45,04	51,02	81,69	9,723	1167	2357		49,92	1,248	1,248	0	40,79	1,023	8,584	0	26,05
	6250	35,3	36,57	37,42	42,04	45,68	51,33	82,35	9,796	1176	2376		50,22	1,267	1,267	0	41,09	1,023	8,584	0	26,05
	6300	35,78	37,07	37,93	42,28	46,26	51,57	83	9,870	1182	2390		50,45	1,286	1,286	0	41,32	1,023	8,584	0	26,05
	6350	35,97	37,28	38,14	42,19	46,54	51,47	83,66	9,949	1180	2383		50,36	1,305	1,305	0	41,23	1,023	8,584	0	26,05
	6400	36,16	37,49	38,35	42,09	46,82	51,38	84,32	10,03	1177	2377		50,27	1,324	1,324	0	41,14	1,023	8,584	0	26,05
	6450	36,12	37,47	38,33	41,75	46,86	51,03	84,98	10,11	1167	2352		49,93	1,343	1,343	0	40,8	1,023	8,584	0	26,05
	6500	35,96	37,32	38,18	41,27	46,78	50,55	85,64	10,18	1154	2317		49,46	1,363	1,363	0	40,33	1,023	8,584	0	26,05
	6550	35,77	37,16	38,02	40,77	46,68	50,05	86,3	10,26	1140	2280		48,97	1,382	1,382	0	39,84	1,023	8,584	0	26,05
	6600	35,38	36,78	37,63	40,05	46,36	49,34	86,96	10,35	1120	2227		48,27	1,402	1,402	0	39,15	1,023	8,584	0	26,05
	6650	34,98	36,4	37,25	39,34	46,04	48,63	87,62	10,44	1100	2173		47,58	1,422	1,422	0	38,45	1,023	8,584	0	26,05
	6700	34,64	36,08	36,92	38,71	45,78	48	88,27	10,53	1083	2128		46,96	1,442	1,442	0	37,83	1,023	8,584	0	26,05
	6750	34,31	35,78	36,61	38,09	45,54	47,39	88,93	10,61	1065	2085		46,36	1,463	1,463	0	37,23	1,023	8,584	0	26,05
	6800	34	35,48	36,31	37,5	45,3	46,79	89,59	10,7	1049	2040		45,78	1,484	1,484	0	36,65	1,023	8,584	0	26,05
	6850	33,69	35,2	36,01	36,93	45,08	46,22	90,25	10,8	1033	1992		45,22	1,504	1,504	0	36,09	1,023	8,584	0	26,05
	6900	33,57	35,09	35,91	36,55	45,04	45,84	90,91	10,89	1022	1956		44,85	1,525	1,525	0	35,72	1,023	8,584	0	26,05
	6950	33,7	35,25	36,06	36,45	45,26	45,74	91,57	10,99	1019	1936		44,75	1,547	1,547	0	35,62	1,023	8,584	0	26,05
	7000	33,93	35,5	36,32	36,44	45,58	45,74	92,23	11,09	1019	1922		44,75	1,568	1,568	0	35,62	1,023	8,584	0	26,05
	7050	34,36	35,95	36,78	36,64	46,11	45,93	92,89	11,18	1025	1919		44,94	1,59	1,59	0	35,81	1,023	8,584	0	26,05
	7100	34,79	36,4	37,24	36,84	46,64	46,13	93,54	11,27	1030	1915		45,13	1,612	1,612	0	36,01	1,023	8,584	0	26,05
	7150	35,25	36,88	37,74	37,07	47,2	46,36	94,2	11,37	1037	1906		45,36	1,634	1,634	0	36,23	1,023	8,584	0	26,05
	7200	35,72	37,38	38,25	37,31	47,77	46,6	94,86	11,47	1043	1895		45,59	1,656	1,656	0	36,46	1,023	8,584	0	26,05
	7250	36,27	37,95	38,83	37,61	48,42	46,91	95,52	11,56	1052	1881		45,89	1,678	1,678	0	36,76	1,023	8,584	0	26,05
	7300	36,83	38,53	39,42	37,93	49,08	47,22	96,18	11,66	1061	1867		46,2	1,701	1,701	0	37,07	1,023	8,584	0	26,05
	7350	37,49	39,21	40,12	38,33	49,84	47,62	96,84	11,76	1072	1848		46,59	1,724	1,724	0	37,46	1,023	8,584	0	26,05
	7400	38,16	39,9	40,83	38,75	50,62	48,04	97,5	11,86	1084	1829		47	1,747	1,747	0	37,87	1,023	8,584	0	26,05
	7450	39,03	40,8	41,74	39,35	51,59	48,64	98,16	11,97	1100	1812		47,58	1,77	1,77	0	38,46	1,023	8,584	0	26,05
	7500	39,91	41,7	42,67	39,96	52,59	49,25	98,81	12,07	1117	1794		48,18	1,793	1,793	0	39,05	1,023	8,584	0	26,05
	7550	40,91	42,72	43,71	40,66	53,7	49,95	99,47	12,17	1137	1775		48,87	1,817	1,817	0	39,74	1,023	8,584	0	26,05
	7600	41,91	43,75	44,77	41,37	54,82	50,66	100,1	12,27	1157	1757		49,56	1,841	1,841	0	40,43	1,023	8,584	0	26,05
	7650	42,95	44,81	45,85	42,09	55,96	51,38	100,8	12,38	1177	1735		50,27	1,865	1,865	0	41,14	1,023	8,584	0	26,05
	7700	44	45,89	46,96	42,83	57,14	52,12	101,4	12,49	1198	1715		50,99	1,889	1,889	0	41,86	1,023	8,584	0	26,05
	7750	45,12	47,03	48,12	43,6	58,36	52,89	102,1	12,6	1219	1696		51,74	1,914	1,914	0	42,62	1,023	8,584	0	26,05
	7800	46,27	48,21	49,33	44,41	59,64	53,7	102,8	12,71	1242	1675		52,54	1,939	1,939	0	43,41	1,023	8,584	0	26,05
	7850	47,48	49,45	50,59	45,26	60,97	54,55	103,4	12,82	1266	1654		53,37	1,964	1,964	0	44,24	1,023	8,584	0	26,05
	7900	48,71	50,7	51,87	46,11	62,31	55,39	104,1	12,93	1290	1633		54,19	1,989	1,989	0	45,07	1,023	8,584	0	26,05
	7950	49,93	51,95	53,15	46,96	63,66	56,24	104,7	13,05	1313	1612		55,02	2,014	2,014	0	45,89	1,023	8,584	0	26,05
	8000	51,01	53,05	54,28	47,65	64,85	56,93	105,4	13,16	1332	1590		55,7	2,04	2,04	0	46,57	1,023	8,584	0	26,05
	8050	52,02	54,09	55,34	48,28	65,98	57,56	106,1	13,28	1350	1569		56,32	2,065	2,065	0	47,19	1,023	8,584	0	26,05
	8100	52,86	54,95	56,22	48,75	66,93	58,03	106,7	13,4	1363	1548		56,77	2,092	2,092	0	47,65	1,023	8,584	0	26,05
	8150	53,69	55,81	57,1	49,21	67,87	58,49	107,4	13,52	1376	1531		57,22	2,118	2,118	0	48,09	1,023	8,584	0	26,05
	8200	54,52	56,66	57,98	49,66	68,81	58,94	108	13,64	1389	1517		57,66	2,144	2,144	0	48,53	1,023	8,584	0	26,05
	8250	55,39	57,56	58,9	50,14	69,8	59,42	108,7	13,76	1402	1514		58,13	2,171	2,171	0	49	1,023	8,584	0	26,05
	8300	56,23	58,43	59,78	50,59	70,75	59,87	109,4	13,88	1415	1513		58,57	2,198	2,198	0	49,44	1,023	8,584	0	26,05
	8350	56,91	59,14	60,51	50,9	71,54	60,17	110	14	1423	1513		58,87	2,225	2,225	0	49,74	1,023	8,584	0	26,05
	8400	57,41	59,67	61,05	51,04	72,14	60,32	110,7	14,12	1427	1505		59,02	2,252	2,252	0	49,89	1,023	8,584	0	26,05
	8450	57,75	60,03	61,42	51,05	72,58	60,33	111,3	14,24	1428	1489		59,02	2,280	2,280	0	49,9	1,023	8,584	0	26,05
	8500	58,13	60,44	61,84	51,1	73,07	60,37	112	14,37	1429	1483		59,07	2,308	2,308	0	49,94	1,023	8,584	0	26,05
	8550	58,57	60,9	62,32	51,19	73,61	60,47	112,6	14,5	1432	1486		59,16	2,336	2,336	0	50,03	1,023	8,584	0	26,05
	8600	59,11	61,48	62,9	51,37	74,26	60,65	113,3	14,61	1437	1501		59,33	2,364	2,364	0	50,21	1,023	8,584	0	26,05
	8650	59,46	61,85	63,29	51,39	74,71	60,67	114	14,73	1437	1508		59,35	2,393	2,393	0	50,22	1,023	8,584	0	26,05
	8700	59,7	62,13	63,56	51,32	75,06	60,59	114,6	14,85	1435	1510		59,28	2,421	2,421	0	50,15	1,023	8,584	0	26,05
	8750	59,77	62,22	63,67	51,1	75,22	60,38	115,3	14,98	1429	1517		59,08	2,45	2,45	0	49,95	1,023	8,584	0	26,05
	8800	59,79	62,27	63,72	50,85	75,34	60,13	115,9	15,1	1422	1522		58,83	2,48	2,48	0	49,7	1,023	8,584	0	26,05
	8850	59,73	62,24	63,68	50,54	75,38	59,82	116,6	15,21	1413	1524		58,53	2,509	2,509	0	49,4	1,023	8,584	0	26,05
	8900	59,68	62,22	63,67	50,24	75,42	59,52	117,3	15,34	1405	1528		58,23	2,539	2,539	0	49,11	1,023	8,584	0	26,05
	8950	59,65	62,22	63,66	49,96	75,48	59,23	117,9	15,46	1397	1533		57,95	2,569	2,569	0	48,82	1,023	8,584	0	26,05
	9000	59,7	62,29	63,74	49,74	75,63	59,02	118,6	15,57	1391	1544		57,74	2,599	2,599	0	48,61	1,023	8,584	0	26,05
	9050	59,73	62,36	63,81	49,52	75,76	58,8	119,2	15,69	1385	1554		57,53	2,629	2,629	0	48,4	1,023	8,584	0	26,05
	9100	59,74	62,4	63,84	49,28	75,87	58,56	119,9	15,81	1378	1563		57,29	2,66	2,66	0	48,16	1,023	8,584	0	26,05
	9150	59,76	62,46	63,9	49,05	75,99	58,33	120,6	15,92	1372	1569		57,07	2,691	2,691	0	47,94	1,023	8,584	0	26,05
	9200	59,81	62,53	63,98	48,84	76,13	58,12	121,2	16,04	1366	1574		56,86	2,722	2,722	0	47,74	1,023	8,584	0	26,05
	9250	59,97	62,73	64,18	48,73	76,4	58,01	121,9	16,16	1363	1585		56,76	2,753	2,753	0	47,63	1,023	8,584	0	26,05
	9300	60,2	62,99	64,45	48,67	76,74	57,95	122,5	16,27	1361	1600		56,7	2,785	2,785	0	47,57	1,023	8,584	0	26,05
	9350	60,6	63,42	64,89	48,74	77,24	58,02	123,2	16,38	1363	1624		56,76	2,817	2,817	0	47,64	1,023	8,584	0	26,05
	9400	60,92	63,77	65,25	48,75	77,67	58,03	123,8	16,49	1363	1640		56,77	2,849	2,849	0	47,65	1,023	8,584	0	26,05
	9450	61,07	63,95	65,43	48,63	77,92	57,91	124,5	16,6	1360	1637		56,66	2,882	2,882	0	47,53	1,023	8,584	0	26,05
	9500	61,26	64,17	65,66	48,54	78,21	57,82	125,2	16,72	1358	1634		56,57	2,914	2,914	0	47,44	1,023	8,584	0	26,05
	9550	61,49	64,44	65,93	48,49	78,55	57,77	125,8	16,83	1356	1630		56,52	2,947	2,947	0	47,39	1,023	8,584	0	26,05
	9600	61,94	64,92	66,42	48,6	79,11	57,88	126,5	16,94	1359	1640		56,62	2,98	2,98	0	47,5	1,023	8,584	0	26,05
	9650	62,45	65,46	66,98	48,75	79,73	58,03	127,1	17,05	1363	1653		56,77	3,013	3,013	0	47,64	1,023	8,584	0	26,05
	9700	62,8	65,85	67,38	48,79	80,19	58,07	127,8	17,16	1364	1656		56,81	3,047	3,047	0	47,68	1,023	8,584	0	26,05
	9750	63,13	66,22	67,75	48,8	80,63	58,08	128,5	17,27	1365	1657		56,83	3,081	3,081	0	47,7	1,023	8,584	0	26,05
	9800	63,31	66,43	67,96	48,71	80,91	57,99	129,1	17,38	1362	1647		56,73	3,115	3,115	0	47,61	1,023	8,584	0	26,05
	9850	63,47	66,62	68,17	48,61	81,18	57,89	129,8	17,5	1359	1635		56,63	3,15	3,15	0	47,51	1,023	8,584	0	26,05
	9900	63,62	66,81	68,35	48,49	81,44	57,77	130,4	17,61	1356	1621		56,52	3,184	3,184	0	47,4	1,023	8,584	0	26,05
	9950	63,78	67	68,55	48,39	81,7	57,67	131,1	17,72	1353	1609		56,42	3,219	3,219	0	47,3	1,023	8,584	0	26,05
	10000	63,95	67,21	68,76	48,3	81,98	57,58	131,8	17,84	1351	1599		56,33	3,254	3,254	0	47,2	1,023	8,584	0	26,05
	10050	64,07	67,36	68,92	48,17	82,21	57,45	132,4	17,95	1347	1595		56,21	3,29	3,29	0	47,08	1,023	8,584	0	26,05
	10100	64,16	67,49	69,05	48,02	82,4	57,3	133,1	18,07	1343	1592		56,06	3,326	3,326	0	46,93	1,023	8,584	0	26,05
	10150	64	67,37	68,93	47,7	82,34	56,98	133,7	18,18	1334	1581		55,74	3,362	3,362	0	46,62	1,023	8,584	0	26,05
	10200	63,83	67,23	68,79	47,37	82,27	56,65	134,4	18,3	1325	1571		55,42	3,398	3,398	0	46,3	1,023	8,584	0	26,05
	10250	63,65	67,08	68,64	47,03	82,18	56,31	135	18,42	1315	1563		55,09	3,434	3,434	0	45,97	1,023	8,584	0	26,05
	10300	63,4	66,87	68,42	46,66	82,03	55,94	135,7	18,54	1305	1556		54,73	3,471	3,471	0	45,6	1,023	8,584	0	26,05
	10350	63,13	66,64	68,18	46,27	81,86	55,55	136,4	18,65	1294	1549		54,35	3,508	3,508	0	45,22	1,023	8,584	0	26,05
	10400	62,75	66,3	67,84	45,81	81,58	55,1	137	18,77	1281	1545		53,9	3,546	3,546	0	44,78	1,023	8,584	0	26,05
	10450	62,42	66	67,53	45,39	81,35	54,67	137,7	18,89	1269	1545		53,49	3,583	3,583	0	44,36	1,023	8,584	0	26,05
	10500	62,18	65,8	67,32	45,03	81,2	54,32	138,3	19,01	1259	1553		53,14	3,621	3,621	0	44,01	1,023	8,584	0	26,05
	10550	61,89	65,55	67,07	44,65	81,01	53,93	139	19,12	1249	1559		52,77	3,659	3,659	0	43,64	1,023	8,584	0	26,05
	10600	61,57	65,26	66,78	44,25	80,79	53,53	139,7	19,24	1237	1562		52,37	3,698	3,698	0	43,24	1,023	8,584	0	26,05
	10650	61,15	64,89	66,39	43,79	80,47	53,07	140,3	19,36	1225	1560		51,92	3,736	3,736	0	42,8	1,023	8,584	0	26,05
	10700	60,74	64,52	66,01	43,33	80,16	52,62	141	19,48	1212	1558		51,48	3,775	3,775	0	42,35	1,023	8,584	0	26,05
	10750	60,38	64,19	65,68	42,91	79,89	52,2	141,6	19,6	1200	1560		51,07	3,814	3,814	0	41,94	1,023	8,584	0	26,05
	10800	60,15	64	65,48	42,59	79,76	51,87	142,3	19,71	1191	1569		50,75	3,854	3,854	0	41,62	1,023	8,584	0	26,05
	10850	60,05	63,94	65,42	42,35	79,77	51,64	143	19,83	1184	1588		50,52	3,894	3,894	0	41,39	1,023	8,584	0	26,05
	10900	59,97	63,9	65,38	42,13	79,79	51,42	143,6	19,94	1178	1604		50,3	3,934	3,934	0	41,18	1,023	8,584	0	26,05
	10950	59,89	63,87	65,35	41,91	79,83	51,2	144,3	20,05	1172	1619		50,09	3,974	3,974	0	40,96	1,023	8,584	0	26,05
	11000	59,61	63,63	65,1	41,57	79,65	50,86	144,9	20,16	1162	1617		49,75	4,015	4,015	0	40,63	1,023	8,584	0	26,05
	11050	59,33	63,39	64,86	41,22	79,47	50,51	145,6	20,28	1153	1615		49,42	4,056	4,056	0	40,29	1,023	8,584	0	26,05
	11100	59,11	63,21	64,68	40,92	79,36	50,21	146,2	20,39	1144	1614		49,13	4,097	4,097	0	40	1,023	8,584	0	26,05
	11150	59,01	63,15	64,61	40,7	79,36	49,99	146,9	20,51	1138	1619		48,91	4,139	4,139	0	39,78	1,023	8,584	0	26,05
	11200	59,04	63,22	64,68	40,56	79,5	49,85	147,6	20,62	1134	1630		48,77	4,18	4,18	0	39,65	1,023	8,584	0	26,05
	11250	58,91	63,13	64,6	40,33	79,48	49,62	148,2	20,73	1128	1630		48,54	4,222	4,222	0	39,42	1,023	8,584	0	26,05
	11300	58,7	62,97	64,43	40,04	79,37	49,33	148,9	20,84	1120	1626		48,27	4,265	4,265	0	39,14	1,023	8,584	0	26,05
	11350	58,47	62,77	64,23	39,75	79,24	49,03	149,5	20,95	1112	1622		47,97	4,307	4,307	0	38,85	1,023	8,584	0	26,05
	11400	58,23	62,58	64,03	39,45	79,11	48,74	150,2	21,07	1103	1618		47,68	4,350	4,350	0	38,55	1,023	8,584	0	26,05
	11450	58,02	62,42	63,86	39,17	79,01	48,47	150,9	21,18	1096	1615		47,42	4,394	4,394	0	38,29	1,023	8,584	0	26,05
	11500	57,77	62,21	63,65	38,87	78,86	48,16	151,5	21,29	1087	1610		47,12	4,437	4,437	0	37,99	1,023	8,584	0	26,05
	11550	57,4	61,88	63,31	38,5	78,59	47,79	152,2	21,41	1077	1603		46,76	4,481	4,481	0	37,63	1,023	8,584	0	26,05
	11600	56,93	61,46	62,88	38,07	78,23	47,37	152,8	21,53	1065	1592		46,34	4,525	4,525	0	37,21	1,023	8,584	0	26,05
	11650	56,41	60,98	62,39	37,61	77,8	46,91	153,5	21,64	1052	1579		45,89	4,569	4,569	0	36,76	1,023	8,584	0	26,05
	11700	55,65	60,27	61,66	37,02	77,14	46,31	154,2	21,76	1035	1565		45,31	4,614	4,614	0	36,18	1,023	8,584	0	26,05
	11750	54,87	59,53	60,91	36,41	76,46	45,7	154,8	21,88	1018	1552		44,71	4,659	4,659	0	35,59	1,023	8,584	0	26,05
	11800	54,19	58,89	60,26	35,87	75,87	45,16	155,5	21,99	1003	1549		44,18	4,704	4,704	0	35,06	1,023	8,584	0	26,05
	11850	53,5	58,25	59,6	35,32	75,28	44,62	156,1	22,11	987,8	1545		43,65	4,75	4,75	0	34,52	1,023	8,584	0	26,05
	11900	52,79	57,58	58,92	34,78	74,67	44,07	156,8	22,23	972,5	1541		43,12	4,796	4,796	0	33,99	1,023	8,584	0	26,05
	11950	52,23	57,07	58,39	34,32	74,21	43,62	157,4	22,35	959,8	1544		42,67	4,842	4,842	0	33,55	1,023	8,584	0	26,05
	12000	51,67	56,56	57,87	33,87	73,76	43,17	158,1	22,47	947,3	1548		42,23	4,889	4,889	0	33,11	1,023	8,584	0	26,05
	12050	50,85	55,79	57,08	33,27	73,03	42,57	158,8	22,59	930,5	1537		41,65	4,936	4,936	0	32,52	1,023	8,584	0	26,05
	12100	50,04	55,02	56,29	32,68	72,31	41,97	159,4	22,71	913,8	1526		41,06	4,983	4,983	0	31,94	1,023	8,584	0	26,05
	12150	49,23	54,26	55,51	32,09	71,6	41,39	160,1	22,83	897,5	1517		40,49	5,03	5,03	0	31,36	1,023	8,584	0	26,05
	12200	48,48	53,56	54,8	31,55	70,95	40,85	160,7	22,95	882,4	1514		39,97	5,078	5,078	0	30,84	1,023	8,584	0	26,05
	12250	47,75	52,88	54,11	31,02	70,32	40,32	161,4	23,07	867,5	1512		39,45	5,126	5,126	0	30,32	1,023	8,584	0	26,05
	12300	46,99	52,16	53,37	30,48	69,65	39,77	162,1	23,19	852,3	1508		38,91	5,174	5,174	0	29,79	1,023	8,584	0	26,05
	12350	46,51	51,73	52,93	30,1	69,28	39,4	162,7	23,31	841,8	1510		38,55	5,223	5,223	0	29,42	1,023	8,584	0	26,05
	12400	46,34	51,61	52,81	29,91	69,23	39,21	163,4	23,43	836,5	1516		38,36	5,272	5,272	0	29,23	1,023	8,584	0	26,05
	12450	46,4	51,73	52,92	29,86	69,41	39,16	164	23,55	835	1518		38,31	5,321	5,321	0	29,18	1,023	8,584	0	26,05
	12500	46,43	51,8	53	29,78	69,55	39,08	164,7	23,67	832,8	1515		38,23	5,371	5,371	0	29,11	1,023	8,584	0	26,05
	12550	45,94	51,36	52,55	29,41	69,16	38,71	165,3	23,8	822,4	1494		37,87	5,421	5,421	0	28,74	1,023	8,584	0	26,05
	12600	45,16	50,64	51,81	28,88	68,49	38,18	166	23,92	807,7	1461		37,35	5,471	5,471	0	28,23	1,023	8,584	0	26,05
	12650	44,13	49,65	50,8	28,21	67,56	37,51	166,7	24,05	788,8	1418		36,7	5,522	5,522	0	27,57	1,023	8,584	0	26,05
	12700	43,11	48,69	49,81	27,55	66,63	36,85	167,3	24,19	770,5	1380		36,05	5,573	5,573	0	26,93	1,023	8,584	0	26,05
	12750	41,81	47,44	48,52	26,73	65,42	36,04	168	24,33	747,8	1335		35,26	5,624	5,624	0	26,13	1,023	8,584	0	26,05
	12800	40,24	45,92	46,94	25,75	63,94	35,08	168,6	24,46	721	1284		34,33	5,675	5,675	0	25,2	1,022	8,584	0	26,05
	12850	38,41	44,14	45,12	24,66	62,19	33,99	169,3	24,63	690,4	1217		33,25	5,727	5,727	0	24,13	1,022	8,584	0	26,05
	12900	37,15	42,93	43,88	23,89	61,01	33,22	170	24,78	668,8	1165		32,5	5,779	5,779	0	23,37	1,022	8,584	0	26,05
	12950	35,72	41,55	42,47	23,04	59,68	32,37	170,6	24,95	644,9	1111		31,67	5,832	5,832	0	22,54	1,022	8,584	0	26,05
	13000	34,18	40,06	40,95	22,12	58,22	31,45	171,3	25,12	619,3	1061		30,77	5,885	5,885	0	21,64	1,022	8,584	0	26,05
