																					
	<<Vitesse moteur>>	Puissance Brute Mesurée	Puissance à la roue	Puissance roue corrigée	Couple corrigé Roue	Puissance corrigée moteur	Couple corrigé moteur	Vitesse véhicule	Temps acquisition Mesure	Force à la Roue	Accélération Linéaire	OBD-PID13 : Vitesse du véhicule	Couple moteur brut	Puissance Pertes Calibrées Totales	Puissance Pertes Calibrées Banc	Puissance Pertes Calibrées Vehicule	Couple brut	Facteur de correction	Rapport de sortie	Rapport Global Dynamique	Facteur de pertes transmission
	tr/min	ch	ch	ch	N.m	ch	N.m	Km/h	s	N	mm/s²	Km/h	N.m	ch	ch	ch	N.m	 	 	 	%
	4000	23,37	23,96	24,51	42,44			52,7	-0E-15	1187	2364			0,5917	0,5917	0	41,48	1,023	8,584	0	26,05
	4050	22,45	23,05	23,58	40,52			53,36	0,1094	1133	2258			0,604	0,604	0	39,6	1,023	8,584	0	26,05
	4100	21,52	22,14	22,65	38,6			54,02	0,2188	1079	2153			0,6163	0,6163	0	37,73	1,023	8,584	0	26,05
	4150	20,6	21,23	21,72	36,68			54,68	0,3282	1026	2047			0,6286	0,6286	0	35,85	1,023	8,584	0	26,05
	4200	19,68	20,32	20,79	34,76			55,34	0,4377	972,1	1941			0,6409	0,6409	0	33,97	1,023	8,584	0	26,05
	4250	18,76	19,41	19,86	32,84			55,99	0,5471	918,5	1836			0,6532	0,6532	0	32,1	1,023	8,584	0	26,05
	4300	17,84	18,5	18,93	30,92			56,65	0,6565	864,8	1730			0,6655	0,6655	0	30,22	1,023	8,584	0	26,05
	4350	16,71	17,38	17,79	28,73			57,31	0,7799	803,6	1597			0,678	0,678	0	28,08	1,023	8,584	0	26,05
	4400	15,63	16,32	16,7	26,66			57,97	0,9095	745,7	1471			0,6906	0,6906	0	26,06	1,023	8,584	0	26,05
	4450	14,66	15,37	15,72	24,82			58,63	1,05	694,1	1357			0,7034	0,7034	0	24,26	1,023	8,584	0	26,05
	4500	14,21	14,93	15,27	23,84			59,29	1,192	666,9	1303			0,7163	0,7163	0	23,31	1,023	8,584	0	26,05
	4550	13,95	14,68	15,02	23,19			59,95	1,334	648,5	1268			0,7294	0,7294	0	22,66	1,023	8,584	0	26,05
	4600	13,84	14,58	14,92	22,78			60,61	1,475	637	1246			0,7425	0,7425	0	22,26	1,023	8,584	0	26,05
	4650	13,84	14,6	14,94	22,56			61,26	1,629	631	1230			0,7559	0,7559	0	22,05	1,023	8,584	0	26,05
	4700	13,9	14,67	15,01	22,43			61,92	1,776	627,3	1222			0,7694	0,7694	0	21,92	1,023	8,584	0	26,05
	4750	14,17	14,95	15,29	22,61			62,58	1,926	632,4	1235			0,7831	0,7831	0	22,1	1,023	8,584	0	26,05
	4800	14,78	15,57	15,93	23,31			63,24	2,075	652	1279			0,7968	0,7968	0	22,79	1,023	8,584	0	26,05
	4850	16	16,81	17,2	24,9			63,9	2,202	696,3	1372			0,8108	0,8108	0	24,33	1,023	8,584	0	26,05
	4900	17,36	18,19	18,61	26,66			64,56	2,321	745,6	1477			0,8249	0,8249	0	26,06	1,023	8,584	0	26,05
	4950	18,85	19,69	20,14	28,57			65,22	2,433	799,1	1590			0,8391	0,8391	0	27,93	1,023	8,584	0	26,05
	5000	20,09	20,94	21,43	30,08			65,88	2,535	841,3	1681			0,8536	0,8536	0	29,4	1,023	8,584	0	26,05
	5050	21,26	22,12	22,64	31,47			66,53	2,634	880,2	1766			0,8681	0,8681	0	30,76	1,023	8,584	0	26,05
	5100	22,18	23,06	23,59	32,48			67,19	2,732	908,5	1826			0,8829	0,8829	0	31,75	1,023	8,584	0	26,05
	5150	23,01	23,91	24,46	33,36			67,85	2,83	933	1878			0,8977	0,8977	0	32,61	1,023	8,584	0	26,05
	5200	23,99	24,9	25,47	34,4			68,51	2,925	961,9	1938			0,9128	0,9128	0	33,62	1,023	8,584	0	26,05
	5250	25,01	25,94	26,54	35,5			69,17	3,018	992,8	2002			0,9279	0,9279	0	34,7	1,023	8,584	0	26,05
	5300	26,11	27,05	27,68	36,67			69,83	3,104	1026	2071			0,9433	0,9433	0	35,84	1,023	8,584	0	26,05
	5350	27,27	28,23	28,88	37,9			70,49	3,185	1060	2145			0,9589	0,9589	0	37,04	1,023	8,584	0	26,05
	5400	28,39	29,36	30,04	39,08			71,15	3,266	1093	2215			0,9744	0,9744	0	38,19	1,023	8,584	0	26,05
	5450	29,19	30,18	30,88	39,78			71,8	3,342	1113	2258			0,9904	0,9904	0	38,88	1,023	8,584	0	26,05
	5500	29,99	31	31,71	40,49			72,46	3,419	1132	2301			1,006	1,006	0	39,57	1,023	8,584	0	26,05
	5550	30,58	31,6	32,33	40,91			73,12	3,497	1144	2325			1,023	1,023	0	39,99	1,023	8,584	0	26,05
	5600	30,93	31,97	32,71	41,03			73,78	3,577	1147	2329			1,039	1,039	0	40,1	1,023	8,584	0	26,05
	5650	31,29	32,34	33,09	41,14			74,44	3,656	1150	2334			1,055	1,055	0	40,21	1,023	8,584	0	26,05
	5700	31,42	32,49	33,24	40,96			75,1	3,736	1146	2322			1,072	1,072	0	40,04	1,023	8,584	0	26,05
	5750	31,54	32,63	33,38	40,78			75,76	3,817	1140	2309			1,089	1,089	0	39,85	1,023	8,584	0	26,05
	5800	31,58	32,69	33,44	40,5			76,42	3,897	1133	2292			1,106	1,106	0	39,58	1,023	8,584	0	26,05
	5850	31,54	32,66	33,41	40,12			77,08	3,979	1122	2269			1,123	1,123	0	39,21	1,023	8,584	0	26,05
	5900	31,49	32,63	33,39	39,75			77,73	4,060	1112	2246			1,140	1,140	0	38,85	1,023	8,584	0	26,05
	5950	31,75	32,9	33,67	39,74			78,39	4,145	1111	2248			1,158	1,158	0	38,84	1,023	8,584	0	26,05
	6000	32	33,17	33,94	39,73			79,05	4,23	1111	2250			1,176	1,176	0	38,83	1,023	8,584	0	26,05
	6050	32,57	33,76	34,54	40,09			79,71	4,309	1121	2272			1,194	1,194	0	39,18	1,023	8,584	0	26,05
	6100	33,3	34,51	35,31	40,65			80,37	4,384	1137	2304			1,212	1,212	0	39,73	1,023	8,584	0	26,05
	6150	34,03	35,26	36,07	41,2			81,03	4,46	1152	2337			1,23	1,23	0	40,27	1,023	8,584	0	26,05
	6200	34,7	35,95	36,78	41,66			81,69	4,536	1165	2361			1,248	1,248	0	40,72	1,023	8,584	0	26,05
	6250	35,37	36,64	37,49	42,12			82,35	4,611	1178	2386			1,267	1,267	0	41,17	1,023	8,584	0	26,05
	6300	35,89	37,17	38,03	42,4			83	4,687	1186	2401			1,286	1,286	0	41,44	1,023	8,584	0	26,05
	6350	36,13	37,43	38,3	42,36			83,66	4,762	1185	2398			1,305	1,305	0	41,4	1,023	8,584	0	26,05
	6400	36,36	37,69	38,56	42,32			84,32	4,838	1183	2395			1,324	1,324	0	41,36	1,023	8,584	0	26,05
	6450	36,31	37,65	38,52	41,95			84,98	4,916	1173	2373			1,343	1,343	0	41	1,023	8,584	0	26,05
	6500	36,14	37,5	38,37	41,46			85,64	4,996	1160	2343			1,363	1,363	0	40,53	1,023	8,584	0	26,05
	6550	35,94	37,32	38,18	40,95			86,3	5,077	1145	2312			1,382	1,382	0	40,02	1,023	8,584	0	26,05
	6600	35,62	37,02	37,88	40,31			86,96	5,16	1127	2274			1,402	1,402	0	39,4	1,023	8,584	0	26,05
	6650	35,3	36,72	37,57	39,68			87,62	5,243	1110	2236			1,422	1,422	0	38,79	1,023	8,584	0	26,05
	6700	34,92	36,36	37,2	39,01			88,27	5,328	1091	2193			1,442	1,442	0	38,13	1,023	8,584	0	26,05
	6750	34,53	35,99	36,82	38,32			88,93	5,413	1072	2149			1,463	1,463	0	37,45	1,023	8,584	0	26,05
	6800	34,2	35,68	36,51	37,71			89,59	5,501	1055	2110			1,484	1,484	0	36,86	1,023	8,584	0	26,05
	6850	33,94	35,44	36,26	37,18			90,25	5,593	1040	2077			1,504	1,504	0	36,34	1,023	8,584	0	26,05
	6900	33,81	35,33	36,15	36,8			90,91	5,684	1029	2054			1,525	1,525	0	35,96	1,023	8,584	0	26,05
	6950	34	35,55	36,37	36,75			91,57	5,772	1028	2054			1,547	1,547	0	35,92	1,023	8,584	0	26,05
	7000	34,2	35,76	36,59	36,72			92,23	5,86	1027	2053			1,568	1,568	0	35,88	1,023	8,584	0	26,05
	7050	34,7	36,29	37,13	36,98			92,89	5,947	1034	2068			1,59	1,59	0	36,15	1,023	8,584	0	26,05
	7100	35,19	36,81	37,66	37,25			93,54	6,035	1042	2082			1,612	1,612	0	36,41	1,023	8,584	0	26,05
	7150	35,75	37,38	38,25	37,57			94,2	6,121	1051	2099			1,634	1,634	0	36,72	1,023	8,584	0	26,05
	7200	36,32	37,98	38,86	37,9			94,86	6,206	1060	2116			1,656	1,656	0	37,04	1,023	8,584	0	26,05
	7250	36,93	38,61	39,5	38,27			95,52	6,291	1070	2135			1,678	1,678	0	37,4	1,023	8,584	0	26,05
	7300	37,61	39,31	40,22	38,69			96,18	6,376	1082	2158			1,701	1,701	0	37,81	1,023	8,584	0	26,05
	7350	38,28	40,01	40,93	39,11			96,84	6,461	1094	2181			1,724	1,724	0	38,23	1,023	8,584	0	26,05
	7400	39,06	40,81	41,75	39,62			97,5	6,541	1108	2212			1,747	1,747	0	38,73	1,023	8,584	0	26,05
	7450	39,84	41,61	42,57	40,13			98,16	6,622	1122	2243			1,77	1,77	0	39,23	1,023	8,584	0	26,05
	7500	40,66	42,46	43,44	40,68			98,81	6,701	1138	2276			1,794	1,794	0	39,76	1,023	8,584	0	26,05
	7550	41,53	43,34	44,35	41,25			99,47	6,779	1154	2312			1,817	1,817	0	40,31	1,023	8,584	0	26,05
	7600	42,39	44,23	45,25	41,82			100,1	6,858	1170	2347			1,841	1,841	0	40,87	1,023	8,584	0	26,05
	7650	43,33	45,19	46,24	42,45			100,8	6,932	1187	2385			1,865	1,865	0	41,49	1,023	8,584	0	26,05
	7700	44,27	46,16	47,23	43,08			101,4	7,006	1205	2424			1,889	1,889	0	42,1	1,023	8,584	0	26,05
	7750	45,24	47,16	48,25	43,72			102,1	7,08	1223	2462			1,914	1,914	0	42,73	1,023	8,584	0	26,05
	7800	46,28	48,22	49,33	44,41			102,8	7,151	1242	2503			1,939	1,939	0	43,41	1,023	8,584	0	26,05
	7850	47,32	49,28	50,42	45,11			103,4	7,223	1261	2543			1,964	1,964	0	44,09	1,023	8,584	0	26,05
	7900	48,34	50,33	51,49	45,78			104,1	7,293	1280	2582			1,989	1,989	0	44,74	1,023	8,584	0	26,05
	7950	49,35	51,37	52,56	46,42			104,7	7,361	1298	2619			2,014	2,014	0	45,37	1,023	8,584	0	26,05
	8000	50,37	52,41	53,62	47,07			105,4	7,429	1316	2656			2,04	2,04	0	46,01	1,023	8,584	0	26,05
	8050	51,32	53,38	54,62	47,65			106,1	7,496	1333	2689			2,066	2,066	0	46,57	1,023	8,584	0	26,05
	8100	52,22	54,31	55,57	48,18			106,7	7,562	1347	2718			2,092	2,092	0	47,09	1,023	8,584	0	26,05
	8150	53,12	55,24	56,52	48,71			107,4	7,629	1362	2747			2,118	2,118	0	47,6	1,023	8,584	0	26,05
	8200	53,93	56,07	57,37	49,14			108	7,694	1374	2771			2,144	2,144	0	48,03	1,023	8,584	0	26,05
	8250	54,65	56,82	58,14	49,49			108,7	7,759	1384	2791			2,171	2,171	0	48,37	1,023	8,584	0	26,05
	8300	55,37	57,57	58,9	49,84			109,4	7,823	1394	2810			2,198	2,198	0	48,71	1,023	8,584	0	26,05
	8350	56,01	58,24	59,58	50,12			110	7,888	1402	2826			2,225	2,225	0	48,98	1,023	8,584	0	26,05
	8400	56,55	58,8	60,16	50,3			110,7	7,952	1407	2836			2,253	2,253	0	49,16	1,023	8,584	0	26,05
	8450	57,08	59,36	60,74	50,48			111,3	8,017	1412	2846			2,280	2,280	0	49,34	1,023	8,584	0	26,05
	8500	57,55	59,85	61,24	50,6			112	8,081	1415	2853			2,308	2,308	0	49,46	1,023	8,584	0	26,05
	8550	57,87	60,21	61,6	50,6			112,6	8,144	1415	2851			2,336	2,336	0	49,46	1,023	8,584	0	26,05
	8600	58,2	60,56	61,96	50,6			113,3	8,208	1415	2849			2,364	2,364	0	49,46	1,023	8,584	0	26,05
	8650	58,49	60,88	62,29	50,58			114	8,272	1415	2846			2,393	2,393	0	49,43	1,023	8,584	0	26,05
	8700	58,65	61,07	62,49	50,45			114,6	8,338	1411	2837			2,422	2,422	0	49,31	1,023	8,584	0	26,05
	8750	58,81	61,26	62,68	50,32			115,3	8,404	1407	2828			2,451	2,451	0	49,18	1,023	8,584	0	26,05
	8800	58,96	61,44	62,86	50,17			115,9	8,47	1403	2818			2,48	2,48	0	49,04	1,023	8,584	0	26,05
	8850	59,05	61,55	62,98	49,98			116,6	8,535	1398	2806			2,509	2,509	0	48,85	1,023	8,584	0	26,05
	8900	59,13	61,67	63,09	49,79			117,3	8,6	1393	2793			2,539	2,539	0	48,67	1,023	8,584	0	26,05
	8950	59,2	61,77	63,2	49,6			117,9	8,665	1387	2781			2,569	2,569	0	48,48	1,023	8,584	0	26,05
	9000	59,23	61,83	63,26	49,37			118,6	8,733	1381	2766			2,599	2,599	0	48,26	1,023	8,584	0	26,05
	9050	59,26	61,89	63,33	49,15			119,2	8,8	1374	2751			2,63	2,63	0	48,04	1,023	8,584	0	26,05
	9100	59,3	61,96	63,4	48,93			119,9	8,868	1368	2737			2,66	2,66	0	47,82	1,023	8,584	0	26,05
	9150	59,41	62,1	63,54	48,77			120,6	8,935	1364	2727			2,691	2,691	0	47,67	1,023	8,584	0	26,05
	9200	59,51	62,24	63,68	48,61			121,2	9,003	1360	2717			2,722	2,722	0	47,51	1,023	8,584	0	26,05
	9250	59,62	62,37	63,81	48,45			121,9	9,07	1355	2707			2,753	2,753	0	47,36	1,023	8,584	0	26,05
	9300	59,7	62,48	63,93	48,28			122,5	9,138	1350	2694			2,785	2,785	0	47,19	1,023	8,584	0	26,05
	9350	59,78	62,6	64,05	48,11			123,2	9,206	1346	2682			2,817	2,817	0	47,02	1,023	8,584	0	26,05
	9400	59,89	62,74	64,2	47,97			123,8	9,275	1341	2672			2,849	2,849	0	46,88	1,023	8,584	0	26,05
	9450	60,1	62,99	64,44	47,9			124,5	9,345	1340	2671			2,882	2,882	0	46,81	1,023	8,584	0	26,05
	9500	60,32	63,23	64,69	47,83			125,2	9,415	1338	2669			2,914	2,914	0	46,75	1,023	8,584	0	26,05
	9550	60,57	63,52	64,99	47,8			125,8	9,484	1337	2669			2,947	2,947	0	46,72	1,023	8,584	0	26,05
	9600	60,91	63,9	65,37	47,83			126,5	9,55	1338	2671			2,98	2,98	0	46,75	1,023	8,584	0	26,05
	9650	61,26	64,27	65,76	47,86			127,1	9,617	1338	2673			3,014	3,014	0	46,78	1,023	8,584	0	26,05
	9700	61,61	64,65	66,15	47,9			127,8	9,684	1340	2673			3,047	3,047	0	46,81	1,023	8,584	0	26,05
	9750	61,98	65,06	66,56	47,95			128,5	9,755	1341	2671			3,081	3,081	0	46,86	1,023	8,584	0	26,05
	9800	62,35	65,46	66,98	48			129,1	9,825	1342	2669			3,115	3,115	0	46,92	1,023	8,584	0	26,05
	9850	62,62	65,77	67,29	47,98			129,8	9,894	1342	2664			3,15	3,15	0	46,9	1,023	8,584	0	26,05
	9900	62,79	65,98	67,51	47,89			130,4	9,961	1339	2658			3,185	3,185	0	46,81	1,023	8,584	0	26,05
	9950	62,97	66,19	67,72	47,8			131,1	10,03	1337	2652			3,219	3,219	0	46,72	1,023	8,584	0	26,05
	10000	63,06	66,32	67,85	47,66			131,8	10,1	1333	2643			3,255	3,255	0	46,58	1,023	8,584	0	26,05
	10050	63,08	66,37	67,91	47,46			132,4	10,17	1327	2634			3,29	3,29	0	46,39	1,023	8,584	0	26,05
	10100	63,11	66,43	67,97	47,27			133,1	10,24	1322	2624			3,326	3,326	0	46,2	1,023	8,584	0	26,05
	10150	63,18	66,54	68,08	47,11			133,7	10,31	1317	2616			3,362	3,362	0	46,04	1,023	8,584	0	26,05
	10200	63,26	66,66	68,2	46,97			134,4	10,38	1313	2608			3,398	3,398	0	45,9	1,023	8,584	0	26,05
	10250	63,35	66,78	68,33	46,82			135	10,45	1309	2601			3,434	3,434	0	45,76	1,023	8,584	0	26,05
	10300	63,22	66,7	68,24	46,53			135,7	10,52	1301	2582			3,471	3,471	0	45,48	1,023	8,584	0	26,05
	10350	63,07	66,57	68,11	46,22			136,4	10,59	1293	2561			3,508	3,508	0	45,18	1,023	8,584	0	26,05
	10400	62,89	66,44	67,97	45,91			137	10,67	1284	2539			3,546	3,546	0	44,87	1,023	8,584	0	26,05
	10450	62,56	66,14	67,67	45,49			137,7	10,74	1272	2515			3,583	3,583	0	44,46	1,023	8,584	0	26,05
	10500	62,22	65,84	67,37	45,06			138,3	10,81	1260	2490			3,621	3,621	0	44,05	1,023	8,584	0	26,05
	10550	61,89	65,55	67,07	44,65			139	10,89	1249	2466			3,659	3,659	0	43,64	1,023	8,584	0	26,05
	10600	61,57	65,27	66,78	44,25			139,7	10,97	1238	2444			3,698	3,698	0	43,25	1,023	8,584	0	26,05
	10650	61,25	64,99	66,49	43,85			140,3	11,04	1226	2422			3,736	3,736	0	42,86	1,023	8,584	0	26,05
	10700	60,9	64,67	66,17	43,44			141	11,12	1215	2395			3,775	3,775	0	42,46	1,023	8,584	0	26,05
	10750	60,54	64,35	65,84	43,02			141,6	11,2	1203	2366			3,815	3,815	0	42,05	1,023	8,584	0	26,05
	10800	60,19	64,04	65,52	42,61			142,3	11,27	1192	2337			3,854	3,854	0	41,65	1,023	8,584	0	26,05
	10850	59,86	63,76	65,23	42,23			143	11,36	1181	2310			3,894	3,894	0	41,28	1,023	8,584	0	26,05
	10900	59,54	63,48	64,95	41,85			143,6	11,44	1170	2283			3,934	3,934	0	40,9	1,023	8,584	0	26,05
	10950	59,42	63,39	64,86	41,6			144,3	11,52	1163	2269			3,974	3,974	0	40,66	1,023	8,584	0	26,05
	11000	59,36	63,38	64,84	41,4			144,9	11,6	1158	2260			4,015	4,015	0	40,47	1,023	8,584	0	26,05
	11050	59,32	63,37	64,84	41,21			145,6	11,68	1153	2252			4,056	4,056	0	40,28	1,023	8,584	0	26,05
	11100	59,31	63,4	64,87	41,05			146,2	11,76	1148	2245			4,097	4,097	0	40,12	1,023	8,584	0	26,05
	11150	59,29	63,43	64,9	40,88			146,9	11,84	1143	2237			4,138	4,138	0	39,96	1,023	8,584	0	26,05
	11200	58,97	63,15	64,61	40,52			147,6	11,92	1133	2214			4,18	4,18	0	39,61	1,023	8,584	0	26,05
	11250	58,57	62,8	64,25	40,11			148,2	12,01	1122	2186			4,222	4,222	0	39,21	1,023	8,584	0	26,05
	11300	58,2	62,47	63,91	39,73			148,9	12,09	1111	2161			4,265	4,265	0	38,83	1,023	8,584	0	26,05
	11350	57,87	62,18	63,62	39,37			149,5	12,18	1101	2140			4,307	4,307	0	38,48	1,023	8,584	0	26,05
	11400	57,57	61,92	63,35	39,03			150,2	12,27	1092	2121			4,350	4,350	0	38,15	1,023	8,584	0	26,05
	11450	57,39	61,79	63,22	38,78			150,9	12,36	1085	2109			4,394	4,394	0	37,9	1,023	8,584	0	26,05
	11500	57,22	61,66	63,08	38,53			151,5	12,44	1077	2096			4,437	4,437	0	37,66	1,023	8,584	0	26,05
	11550	56,81	61,29	62,71	38,14			152,2	12,53	1067	2068			4,481	4,481	0	37,27	1,023	8,584	0	26,05
	11600	56,34	60,86	62,27	37,71			152,8	12,62	1055	2037			4,525	4,525	0	36,85	1,023	8,584	0	26,05
	11650	55,42	59,99	61,38	37,01			153,5	12,72	1035	1989			4,569	4,569	0	36,17	1,023	8,584	0	26,05
	11700	54,23	58,84	60,2	36,14			154,2	12,81	1011	1933			4,614	4,614	0	35,33	1,023	8,584	0	26,05
	11750	52,84	57,5	58,83	35,17			154,8	12,91	983,6	1872			4,659	4,659	0	34,37	1,023	8,584	0	26,05
	11800	51,24	55,95	57,24	34,07			155,5	13,02	952,9	1806			4,704	4,704	0	33,3	1,023	8,584	0	26,05
	11850	50,32	55,07	56,35	33,4			156,1	13,13	934,1	1770			4,75	4,75	0	32,64	1,023	8,584	0	26,05
	11900	49,77	54,57	55,83	32,95			156,8	13,23	921,6	1751			4,796	4,796	0	32,21	1,023	8,584	0	26,05
	11950	49,4	54,24	55,5	32,62			157,4	13,33	912,2	1734			4,842	4,842	0	31,88	1,023	8,584	0	26,05
	12000	49,1	53,99	55,24	32,33			158,1	13,44	904,2	1718			4,889	4,889	0	31,6	1,023	8,584	0	26,05
	12050	48,43	53,37	54,6	31,83			158,8	13,55	890,1	1679			4,936	4,936	0	31,11	1,023	8,584	0	26,05
	12100	47,66	52,64	53,86	31,27			159,4	13,66	874,4	1632			4,983	4,983	0	30,56	1,023	8,584	0	26,05
	12150	46,23	51,26	52,45	30,32			160,1	13,78	848	1571			5,03	5,03	0	29,64	1,023	8,584	0	26,05
	12200	45,11	50,19	51,35	29,56			160,7	13,9	826,8	1526			5,078	5,078	0	28,9	1,023	8,584	0	26,05
	12250	44,54	49,67	50,82	29,14			161,4	14,03	814,9	1508			5,126	5,126	0	28,48	1,023	8,584	0	26,05
	12300	44,74	49,92	51,07	29,16			162,1	14,15	815,6	1512			5,174	5,174	0	28,5	1,023	8,584	0	26,05
	12350	45,18	50,4	51,57	29,33			162,7	14,26	820,1	1521			5,223	5,223	0	28,66	1,023	8,584	0	26,05
	12400	45,32	50,59	51,76	29,32			163,4	14,38	819,9	1515			5,272	5,272	0	28,65	1,023	8,584	0	26,05
	12450	45,22	50,54	51,71	29,17			164	14,5	815,9	1502			5,321	5,321	0	28,51	1,023	8,584	0	26,05
	12500	44,7	50,08	51,23	28,79			164,7	14,63	805,1	1479			5,371	5,371	0	28,14	1,023	8,584	0	26,05
	12550	43,75	49,17	50,31	28,16			165,3	14,76	787,5	1442			5,421	5,421	0	27,52	1,023	8,584	0	26,05
	12600	42,68	48,15	49,26	27,46			166	14,89	768	1400			5,471	5,471	0	26,84	1,023	8,584	0	26,05
	12650	41,63	47,15	48,24	26,78			166,7	15,03	749,1	1357			5,522	5,522	0	26,18	1,023	8,584	0	26,05
	12700	41,25	46,82	47,91	26,49			167,3	15,17	741	1342			5,573	5,573	0	25,9	1,023	8,584	0	26,05
	12750	40,92	46,54	47,62	26,23			168	15,3	733,7	1330			5,624	5,624	0	25,64	1,023	8,584	0	26,05
	12800	40,32	46	47,06	25,82			168,6	15,44	722,2	1310			5,675	5,675	0	25,24	1,023	8,584	0	26,05
	12850	38,66	44,39	45,42	24,83			169,3	15,59	694,3	1246			5,727	5,727	0	24,26	1,023	8,584	0	26,05
	12900	37,16	42,94	43,93	23,92			170	15,75	668,9	1184			5,779	5,779	0	23,38	1,023	8,584	0	26,05
	12950	36,39	42,23	43,2	23,43			170,6	15,91	655,3	1148			5,832	5,832	0	22,9	1,023	8,584	0	26,05
	13000	36,33	42,21	43,19	23,33			171,3	16,06	652,6	1141			5,885	5,885	0	22,81	1,023	8,584	0	26,05
	13050	35,66	41,6	42,56	22,91			171,9	16,23	640,7	1113			5,938	5,938	0	22,39	1,023	8,584	0	26,05
