																					
	<<Vitesse moteur>>	Puissance Brute Mesurée	Puissance à la roue	Puissance roue corrigée	Couple corrigé Roue	Puissance corrigée moteur	Couple corrigé moteur	Vitesse véhicule	Temps acquisition Mesure	Force à la Roue	Accélération Linéaire	OBD-PID13 : Vitesse du véhicule	Couple moteur brut	Puissance Pertes Calibrées Totales	Puissance Pertes Calibrées Banc	Puissance Pertes Calibrées Vehicule	Couple brut	Facteur de correction	Rapport de sortie	Rapport Global Dynamique	Facteur de pertes transmission
	tr/min	ch	ch	ch	N.m	ch	N.m	Km/h	s	N	mm/s²	Km/h	N.m	ch	ch	ch	N.m	 	 	 	%
	4000	23,88	24,47	24,97	43,19	32,46	57	52,7	0E-13	1211	2453		55,84	0,5916	0,5916	0	42,32	1,021	8,584	0	
	4050	22,92	23,52	24,01	41,22	31,59	54,88	53,36	0,1101	1156	2339		53,76	0,6039	0,6039	0	40,38	1,021	8,584	0	
	4100	21,96	22,58	23,05	39,25	30,72	52,75	54,02	0,2202	1100	2225		51,68	0,6162	0,6162	0	38,45	1,021	8,584	0	
	4150	21,01	21,64	22,09	37,28	29,85	50,63	54,68	0,3303	1045	2111		49,6	0,6285	0,6285	0	36,52	1,021	8,584	0	
	4200	20,05	20,69	21,12	35,3	28,99	48,51	55,34	0,4404	989,7	1997		47,52	0,6408	0,6408	0	34,59	1,021	8,584	0	
	4250	19,1	19,75	20,16	33,33	28,12	46,48	55,99	0,5504	934,4	1883		45,54	0,6532	0,6532	0	32,66	1,021	8,584	0	
	4300	18,14	18,81	19,2	31,36	27,25	44,51	56,65	0,6605	879,2	1769		43,61	0,6655	0,6655	0	30,72	1,021	8,584	0	
	4350	15,44	16,12	16,45	26,58	24,59	39,73	57,31	0,8046	745,2	1482		38,93	0,678	0,678	0	26,04	1,021	8,584	0	
	4400	11,63	12,32	12,57	20,08	20,81	33,23	57,97	0,9967	563	1089		32,56	0,6906	0,6906	0	19,67	1,021	8,584	0	
	4450	8,498	9,201	9,392	14,83	17,72	27,98	58,63	1,25	415,6	774,9		27,41	0,7034	0,7034	0	14,53	1,021	8,584	0	
	4500	8,749	9,466	9,662	15,08	18,09	28,23	59,29	1,47	422,7	796,3		27,66	0,7163	0,7163	0	14,77	1,021	8,584	0	
	4550	9,848	10,58	10,8	16,66	19,31	29,81	59,95	1,651	467,1	894,5		29,21	0,7293	0,7293	0	16,32	1,021	8,584	0	
	4600	10,23	10,98	11,2	17,11	19,82	30,25	60,61	1,837	479,5	909,9		29,64	0,7425	0,7425	0	16,76	1,021	8,584	0	
	4650	10,83	11,58	11,82	17,86	20,53	31,01	61,26	2,073	500,6	959,5		30,38	0,7559	0,7559	0	17,49	1,021	8,584	0	
	4700	11,56	12,33	12,59	18,81	21,39	31,96	61,92	2,217	527,3	1020		31,31	0,7694	0,7694	0	18,43	1,021	8,584	0	
	4750	12,45	13,23	13,5	19,96	22,4	33,11	62,58	2,391	559,7	1087		32,44	0,783	0,783	0	19,56	1,021	8,584	0	
	4800	13,41	14,21	14,5	21,22	23,49	34,36	63,24	2,553	594,7	1166		33,67	0,7969	0,7969	0	20,79	1,021	8,584	0	
	4850	14,35	15,16	15,47	22,41	24,55	35,56	63,9	2,686	628,1	1248		34,84	0,8108	0,8108	0	21,95	1,021	8,584	0	
	4900	15,16	15,99	16,32	23,38	25,49	36,53	64,56	2,828	655,5	1298		35,79	0,8249	0,8249	0	22,91	1,021	8,584	0	
	4950	15,64	16,48	16,82	23,86	26,08	37,01	65,22	2,965	668,9	1318		36,26	0,8392	0,8392	0	23,38	1,021	8,584	0	
	5000	15,82	16,67	17,02	23,91	26,38	37,06	65,88	3,103	670,2	1314		36,31	0,8535	0,8535	0	23,42	1,021	8,584	0	
	5050	15,46	16,33	16,67	23,18	26,12	36,33	66,53	3,252	649,8	1276		35,59	0,8681	0,8681	0	22,71	1,021	8,584	0	
	5100	15,25	16,14	16,47	22,69	26,02	35,83	67,19	3,403	636	1244		35,11	0,8828	0,8828	0	22,23	1,021	8,584	0	
	5150	15,43	16,32	16,66	22,72	26,3	35,87	67,85	3,554	636,9	1242		35,14	0,8977	0,8977	0	22,26	1,021	8,584	0	
	5200	16,25	17,16	17,51	23,65	27,25	36,8	68,51	3,701	663	1294		36,05	0,9127	0,9127	0	23,17	1,021	8,584	0	
	5250	18,51	19,43	19,84	26,53	29,67	39,68	69,17	3,829	743,6	1465		38,87	0,9279	0,9279	0	25,99	1,021	8,584	0	
	5300	20,86	21,8	22,25	29,46	32,17	42,61	69,83	3,931	825,8	1640		41,74	0,9433	0,9433	0	28,86	1,021	8,584	0	
	5350	23,26	24,22	24,72	32,42	34,74	45,57	70,49	4,017	908,9	1818		44,65	0,9588	0,9588	0	31,76	1,021	8,584	0	
	5400	25,43	26,41	26,96	35,05	37,07	48,2	71,15	4,101	982,5	1976		47,22	0,9745	0,9745	0	34,34	1,021	8,584	0	
	5450	27,04	28,03	28,61	36,85	38,81	50	71,8	4,18	1033	2085		48,98	0,9904	0,9904	0	36,1	1,021	8,584	0	
	5500	28,65	29,65	30,27	38,64	40,56	51,79	72,46	4,259	1083	2194		50,74	1,006	1,006	0	37,86	1,021	8,584	0	
	5550	29,55	30,58	31,21	39,49	41,6	52,64	73,12	4,339	1107	2245		51,57	1,023	1,023	0	38,69	1,021	8,584	0	
	5600	30,23	31,27	31,92	40,03	42,4	53,18	73,78	4,42	1122	2278		52,1	1,039	1,039	0	39,21	1,021	8,584	0	
	5650	30,75	31,81	32,46	40,36	43,04	53,51	74,44	4,502	1131	2297		52,42	1,055	1,055	0	39,54	1,021	8,584	0	
	5700	30,87	31,94	32,6	40,18	43,28	53,33	75,1	4,584	1126	2284		52,24	1,072	1,072	0	39,36	1,021	8,584	0	
	5750	30,99	32,08	32,74	40	43,51	53,14	75,76	4,666	1121	2271		52,07	1,089	1,089	0	39,18	1,021	8,584	0	
	5800	31	32,11	32,77	39,69	43,63	52,84	76,42	4,75	1113	2249		51,77	1,106	1,106	0	38,88	1,021	8,584	0	
	5850	30,99	32,11	32,78	39,36	43,73	52,51	77,08	4,834	1103	2226		51,44	1,123	1,123	0	38,56	1,021	8,584	0	
	5900	31,14	32,29	32,95	39,23	44	52,38	77,73	4,919	1100	2218		51,32	1,140	1,140	0	38,43	1,021	8,584	0	
	5950	31,47	32,63	33,3	39,31	44,44	52,46	78,39	5,002	1102	2224		51,4	1,158	1,158	0	38,51	1,021	8,584	0	
	6000	31,82	33	33,68	39,43	44,91	52,58	79,05	5,085	1105	2233		51,51	1,176	1,176	0	38,63	1,021	8,584	0	
	6050	32,43	33,62	34,32	39,83	45,64	52,98	79,71	5,163	1117	2261		51,91	1,194	1,194	0	39,03	1,021	8,584	0	
	6100	33,03	34,24	34,95	40,24	46,37	53,39	80,37	5,24	1128	2288		52,31	1,212	1,212	0	39,43	1,021	8,584	0	
	6150	33,59	34,82	35,54	40,58	47,05	53,73	81,03	5,318	1138	2310		52,64	1,23	1,23	0	39,76	1,021	8,584	0	
	6200	34,1	35,35	36,08	40,87	47,69	54,02	81,69	5,395	1146	2326		52,92	1,248	1,248	0	40,04	1,021	8,584	0	
	6250	34,61	35,88	36,62	41,15	48,32	54,3	82,35	5,473	1154	2343		53,2	1,267	1,267	0	40,32	1,021	8,584	0	
	6300	34,86	36,15	36,89	41,13	48,69	54,28	83	5,551	1153	2342		53,18	1,286	1,286	0	40,3	1,021	8,584	0	
	6350	35,09	36,4	37,15	41,09	49,04	54,24	83,66	5,629	1152	2339		53,14	1,305	1,305	0	40,26	1,021	8,584	0	
	6400	35,22	36,54	37,3	40,93	49,28	54,08	84,32	5,708	1147	2329		52,99	1,324	1,324	0	40,1	1,021	8,584	0	
	6450	35,17	36,51	37,27	40,58	49,34	53,73	84,98	5,788	1138	2309		52,64	1,343	1,343	0	39,76	1,021	8,584	0	
	6500	35,12	36,48	37,24	40,23	49,4	53,38	85,64	5,869	1128	2288		52,3	1,362	1,362	0	39,42	1,021	8,584	0	
	6550	34,86	36,24	36,99	39,68	49,26	52,82	86,3	5,951	1112	2253		51,75	1,382	1,382	0	38,87	1,021	8,584	0	
	6600	34,58	35,98	36,73	39,09	49,08	52,24	86,96	6,035	1096	2216		51,18	1,402	1,402	0	38,3	1,021	8,584	0	
	6650	34,27	35,69	36,43	38,48	48,88	51,63	87,62	6,12	1079	2177		50,58	1,422	1,422	0	37,7	1,021	8,584	0	
	6700	33,92	35,36	36,09	37,84	48,63	50,99	88,27	6,209	1061	2136		49,95	1,442	1,442	0	37,07	1,021	8,584	0	
	6750	33,57	35,04	35,76	37,21	48,4	50,36	88,93	6,298	1043	2098		49,34	1,463	1,463	0	36,46	1,021	8,584	0	
	6800	33,26	34,74	35,46	36,63	48,19	49,78	89,59	6,387	1027	2064		48,77	1,484	1,484	0	35,89	1,021	8,584	0	
	6850	32,94	34,45	35,16	36,05	47,99	49,2	90,25	6,476	1011	2031		48,2	1,504	1,504	0	35,32	1,021	8,584	0	
	6900	32,85	34,38	35,09	35,72	48	48,87	90,91	6,57	1001	2011		47,88	1,525	1,525	0	34,99	1,021	8,584	0	
	6950	32,76	34,31	35,02	35,39	48,03	48,54	91,57	6,664	992,1	1991		47,55	1,547	1,547	0	34,67	1,021	8,584	0	
	7000	33,03	34,6	35,31	35,43	48,42	48,58	92,23	6,755	993,2	1994		47,59	1,568	1,568	0	34,71	1,021	8,584	0	
	7050	33,36	34,95	35,67	35,53	48,87	48,68	92,89	6,845	996,2	2000		47,7	1,59	1,59	0	34,81	1,021	8,584	0	
	7100	33,82	35,43	36,16	35,77	49,46	48,92	93,54	6,935	1003	2015		47,93	1,612	1,612	0	35,05	1,021	8,584	0	
	7150	34,36	35,99	36,73	36,08	50,12	49,23	94,2	7,024	1012	2033		48,23	1,634	1,634	0	35,35	1,021	8,584	0	
	7200	34,95	36,6	37,36	36,44	50,84	49,59	94,86	7,113	1022	2054		48,59	1,656	1,656	0	35,7	1,021	8,584	0	
	7250	35,62	37,3	38,07	36,88	51,64	50,02	95,52	7,199	1034	2080		49,01	1,678	1,678	0	36,13	1,021	8,584	0	
	7300	36,31	38,01	38,8	37,33	52,46	50,48	96,18	7,286	1046	2106		49,45	1,701	1,701	0	36,57	1,021	8,584	0	
	7350	37,18	38,9	39,71	37,94	53,47	51,09	96,84	7,37	1064	2140		50,05	1,724	1,724	0	37,17	1,021	8,584	0	
	7400	38,05	39,8	40,62	38,55	54,48	51,7	97,5	7,454	1081	2175		50,66	1,747	1,747	0	37,77	1,021	8,584	0	
	7450	39,05	40,82	41,67	39,28	55,62	52,43	98,16	7,535	1101	2215		51,36	1,77	1,77	0	38,48	1,021	8,584	0	
	7500	40,1	41,9	42,77	40,04	56,81	53,19	98,81	7,615	1123	2259		52,11	1,794	1,794	0	39,23	1,021	8,584	0	
	7550	41,16	42,98	43,87	40,81	58	53,96	99,47	7,694	1144	2303		52,86	1,817	1,817	0	39,98	1,021	8,584	0	
	7600	42,24	44,08	45	41,57	59,23	54,72	100,1	7,769	1165	2347		53,61	1,841	1,841	0	40,73	1,021	8,584	0	
	7650	43,32	45,19	46,12	42,34	60,45	55,49	100,8	7,844	1187	2391		54,37	1,865	1,865	0	41,48	1,021	8,584	0	
	7700	44,42	46,31	47,27	43,11	61,68	56,26	101,4	7,918	1208	2435		55,12	1,889	1,889	0	42,23	1,021	8,584	0	
	7750	45,53	47,44	48,42	43,87	62,93	57,02	102,1	7,991	1230	2478		55,87	1,914	1,914	0	42,98	1,021	8,584	0	
	7800	46,63	48,57	49,58	44,64	64,18	57,79	102,8	8,063	1251	2521		56,62	1,939	1,939	0	43,73	1,021	8,584	0	
	7850	47,71	49,68	50,7	45,36	65,4	58,51	103,4	8,133	1272	2563		57,32	1,964	1,964	0	44,44	1,021	8,584	0	
	7900	48,78	50,77	51,82	46,07	66,61	59,21	104,1	8,202	1291	2606		58,01	1,989	1,989	0	45,13	1,021	8,584	0	
	7950	49,86	51,87	52,94	46,77	67,83	59,92	104,7	8,271	1311	2648		58,71	2,014	2,014	0	45,82	1,021	8,584	0	
	8000	50,8	52,84	53,93	47,34	68,91	60,49	105,4	8,337	1327	2683		59,26	2,04	2,04	0	46,38	1,021	8,584	0	
	8050	51,72	53,79	54,9	47,9	69,97	61,04	106,1	8,403	1343	2718		59,81	2,066	2,066	0	46,92	1,021	8,584	0	
	8100	52,65	54,74	55,88	48,45	71,04	61,6	106,7	8,469	1358	2752		60,35	2,092	2,092	0	47,47	1,021	8,584	0	
	8150	53,45	55,57	56,72	48,87	71,98	62,02	107,4	8,534	1370	2778		60,77	2,118	2,118	0	47,88	1,021	8,584	0	
	8200	54,23	56,37	57,54	49,28	72,89	62,43	108	8,599	1381	2802		61,16	2,144	2,144	0	48,28	1,021	8,584	0	
	8250	55	57,18	58,36	49,68	73,8	62,83	108,7	8,664	1393	2826		61,56	2,171	2,171	0	48,67	1,021	8,584	0	
	8300	55,7	57,89	59,09	50	74,63	63,15	109,4	8,727	1402	2845		61,87	2,198	2,198	0	48,99	1,021	8,584	0	
	8350	56,36	58,59	59,8	50,3	75,43	63,45	110	8,791	1410	2863		62,16	2,225	2,225	0	49,28	1,021	8,584	0	
	8400	57,03	59,28	60,51	50,59	76,24	63,74	110,7	8,854	1418	2881		62,45	2,252	2,252	0	49,57	1,021	8,584	0	
	8450	57,51	59,79	61,02	50,72	76,84	63,87	111,3	8,917	1422	2885		62,58	2,280	2,280	0	49,69	1,021	8,584	0	
	8500	57,86	60,17	61,42	50,75	77,33	63,9	112	8,979	1423	2881		62,6	2,308	2,308	0	49,72	1,021	8,584	0	
	8550	58,22	60,55	61,81	50,77	77,82	63,92	112,6	9,042	1423	2877		62,63	2,336	2,336	0	49,74	1,021	8,584	0	
	8600	58,48	60,85	62,11	50,72	78,21	63,87	113,3	9,106	1422	2869		62,58	2,364	2,364	0	49,69	1,021	8,584	0	
	8650	58,62	61,02	62,28	50,57	78,47	63,72	114	9,173	1418	2857		62,43	2,393	2,393	0	49,55	1,021	8,584	0	
	8700	58,77	61,19	62,45	50,42	78,74	63,57	114,6	9,24	1413	2844		62,28	2,422	2,422	0	49,4	1,021	8,584	0	
	8750	58,86	61,31	62,58	50,24	78,97	63,39	115,3	9,305	1408	2833		62,1	2,451	2,451	0	49,22	1,021	8,584	0	
	8800	58,91	61,39	62,66	50,01	79,13	63,16	115,9	9,369	1402	2822		61,88	2,48	2,48	0	49	1,021	8,584	0	
	8850	58,95	61,46	62,73	49,79	79,3	62,93	116,6	9,433	1396	2811		61,66	2,509	2,509	0	48,78	1,021	8,584	0	
	8900	58,99	61,53	62,8	49,56	79,47	62,71	117,3	9,498	1389	2800		61,44	2,539	2,539	0	48,56	1,021	8,584	0	
	8950	59,03	61,6	62,88	49,35	79,63	62,5	117,9	9,565	1383	2789		61,23	2,569	2,569	0	48,35	1,021	8,584	0	
	9000	59,08	61,68	62,95	49,13	79,8	62,28	118,6	9,633	1377	2778		61,02	2,599	2,599	0	48,13	1,021	8,584	0	
	9050	59,15	61,78	63,06	48,94	80	62,09	119,2	9,700	1372	2767		60,83	2,629	2,629	0	47,95	1,021	8,584	0	
	9100	59,28	61,94	63,22	48,8	80,26	61,95	119,9	9,765	1368	2758		60,69	2,66	2,66	0	47,81	1,021	8,584	0	
	9150	59,41	62,1	63,39	48,66	80,52	61,81	120,6	9,83	1364	2748		60,55	2,691	2,691	0	47,67	1,021	8,584	0	
	9200	59,55	62,27	63,56	48,52	80,79	61,67	121,2	9,897	1360	2738		60,42	2,722	2,722	0	47,54	1,021	8,584	0	
	9250	59,71	62,46	63,76	48,41	81,07	61,56	121,9	9,966	1357	2729		60,31	2,754	2,754	0	47,43	1,021	8,584	0	
	9300	59,87	62,65	63,95	48,3	81,36	61,45	122,5	10,03	1354	2719		60,2	2,785	2,785	0	47,32	1,021	8,584	0	
	9350	60,08	62,9	64,2	48,23	81,71	61,38	123,2	10,1	1352	2713		60,13	2,817	2,817	0	47,25	1,021	8,584	0	
	9400	60,4	63,25	64,56	48,24	82,16	61,39	123,8	10,17	1352	2715		60,14	2,849	2,849	0	47,26	1,021	8,584	0	
	9450	60,72	63,6	64,92	48,25	82,61	61,4	124,5	10,24	1353	2717		60,15	2,882	2,882	0	47,27	1,021	8,584	0	
	9500	61	63,92	65,24	48,23	83,02	61,38	125,2	10,3	1352	2717		60,14	2,914	2,914	0	47,25	1,021	8,584	0	
	9550	61,23	64,18	65,51	48,18	83,39	61,33	125,8	10,37	1351	2714		60,08	2,947	2,947	0	47,2	1,021	8,584	0	
	9600	61,46	64,44	65,78	48,12	83,75	61,27	126,5	10,44	1349	2710		60,03	2,98	2,98	0	47,15	1,021	8,584	0	
	9650	61,68	64,7	66,04	48,06	84,1	61,21	127,1	10,5	1347	2706		59,97	3,014	3,014	0	47,09	1,021	8,584	0	
	9700	61,9	64,94	66,29	48	84,45	61,15	127,8	10,57	1346	2701		59,91	3,047	3,047	0	47,03	1,021	8,584	0	
	9750	62,11	65,19	66,54	47,93	84,79	61,08	128,5	10,64	1344	2696		59,84	3,081	3,081	0	46,96	1,021	8,584	0	
	9800	62,33	65,45	66,8	47,88	85,15	61,02	129,1	10,71	1342	2691		59,79	3,115	3,115	0	46,9	1,021	8,584	0	
	9850	62,56	65,71	67,07	47,83	85,51	60,98	129,8	10,78	1341	2688		59,74	3,15	3,15	0	46,86	1,021	8,584	0	
	9900	62,79	65,98	67,34	47,78	85,88	60,93	130,4	10,85	1339	2685		59,69	3,184	3,184	0	46,81	1,021	8,584	0	
	9950	62,97	66,19	67,55	47,69	86,18	60,84	131,1	10,91	1337	2680		59,6	3,219	3,219	0	46,72	1,021	8,584	0	
	10000	63,08	66,34	67,71	47,56	86,43	60,71	131,8	10,98	1333	2673		59,48	3,255	3,255	0	46,59	1,021	8,584	0	
	10050	63,2	66,49	67,86	47,43	86,68	60,58	132,4	11,05	1330	2666		59,35	3,29	3,29	0	46,47	1,021	8,584	0	
	10100	63,22	66,54	67,92	47,23	86,83	60,38	133,1	11,12	1324	2656		59,16	3,326	3,326	0	46,27	1,021	8,584	0	
	10150	63,18	66,54	67,91	47	86,92	60,15	133,7	11,19	1317	2643		58,93	3,362	3,362	0	46,04	1,021	8,584	0	
	10200	63,13	66,53	67,91	46,76	87	59,91	134,4	11,26	1311	2630		58,7	3,398	3,398	0	45,81	1,021	8,584	0	
	10250	63	66,43	67,81	46,47	87	59,61	135	11,33	1303	2610		58,41	3,435	3,435	0	45,52	1,021	8,584	0	
	10300	62,83	66,3	67,67	46,15	86,95	59,29	135,7	11,4	1294	2588		58,09	3,471	3,471	0	45,21	1,021	8,584	0	
	10350	62,65	66,16	67,53	45,83	86,91	58,98	136,4	11,47	1285	2567		57,78	3,508	3,508	0	44,9	1,021	8,584	0	
	10400	62,39	65,94	67,3	45,46	86,77	58,6	137	11,55	1274	2542		57,42	3,546	3,546	0	44,53	1,021	8,584	0	
	10450	62,13	65,71	67,07	45,08	86,64	58,23	137,7	11,62	1264	2518		57,05	3,583	3,583	0	44,17	1,021	8,584	0	
	10500	61,84	65,46	66,82	44,7	86,48	57,85	138,3	11,69	1253	2493		56,67	3,621	3,621	0	43,79	1,021	8,584	0	
	10550	61,48	65,14	66,49	44,27	86,24	57,42	139	11,77	1241	2466		56,25	3,659	3,659	0	43,37	1,021	8,584	0	
	10600	61,12	64,82	66,16	43,84	86	56,99	139,7	11,84	1229	2439		55,83	3,698	3,698	0	42,95	1,021	8,584	0	
	10650	60,78	64,52	65,86	43,43	85,79	56,58	140,3	11,92	1218	2413		55,43	3,736	3,736	0	42,55	1,021	8,584	0	
	10700	60,47	64,25	65,58	43,05	85,61	56,2	141	12	1207	2387		55,06	3,775	3,775	0	42,17	1,021	8,584	0	
	10750	60,16	63,97	65,3	42,66	85,42	55,81	141,6	12,08	1196	2362		54,68	3,814	3,814	0	41,8	1,021	8,584	0	
	10800	59,87	63,73	65,05	42,3	85,27	55,45	142,3	12,16	1186	2338		54,33	3,854	3,854	0	41,45	1,021	8,584	0	
	10850	59,59	63,48	64,79	41,95	85,11	55,09	143	12,24	1176	2313		53,98	3,894	3,894	0	41,09	1,021	8,584	0	
	10900	59,36	63,29	64,6	41,63	85,01	54,78	143,6	12,32	1167	2292		53,67	3,934	3,934	0	40,78	1,021	8,584	0	
	10950	59,2	63,17	64,48	41,36	84,98	54,51	144,3	12,4	1159	2275		53,4	3,974	3,974	0	40,52	1,021	8,584	0	
	11000	59,04	63,06	64,36	41,09	84,95	54,24	144,9	12,48	1152	2258		53,14	4,015	4,015	0	40,26	1,021	8,584	0	
	11050	59,04	63,09	64,4	40,93	85,09	54,08	145,6	12,56	1148	2248		52,99	4,056	4,056	0	40,1	1,021	8,584	0	
	11100	59,03	63,13	64,44	40,77	85,22	53,92	146,2	12,64	1143	2239		52,83	4,097	4,097	0	39,95	1,021	8,584	0	
	11150	58,93	63,07	64,37	40,55	85,25	53,7	146,9	12,72	1137	2225		52,61	4,139	4,139	0	39,73	1,021	8,584	0	
	11200	58,75	62,93	64,23	40,28	85,2	53,43	147,6	12,81	1129	2206		52,35	4,18	4,18	0	39,46	1,021	8,584	0	
	11250	58,56	62,78	64,08	40,01	85,14	53,15	148,2	12,89	1121	2188		52,08	4,222	4,222	0	39,19	1,021	8,584	0	
	11300	58,33	62,59	63,89	39,71	85,04	52,86	148,9	12,98	1113	2171		51,79	4,265	4,265	0	38,91	1,021	8,584	0	
	11350	58,1	62,41	63,7	39,42	84,95	52,57	149,5	13,06	1105	2153		51,5	4,307	4,307	0	38,62	1,021	8,584	0	
	11400	57,75	62,1	63,38	39,05	84,73	52,2	150,2	13,15	1095	2130		51,14	4,350	4,350	0	38,26	1,021	8,584	0	
	11450	57,37	61,77	63,05	38,67	84,48	51,82	150,9	13,23	1084	2106		50,77	4,394	4,394	0	37,89	1,021	8,584	0	
	11500	56,92	61,36	62,63	38,25	84,16	51,4	151,5	13,32	1072	2078		50,36	4,437	4,437	0	37,47	1,021	8,584	0	
	11550	56,37	60,85	62,11	37,77	83,74	50,92	152,2	13,42	1059	2046		49,89	4,481	4,481	0	37,01	1,021	8,584	0	
	11600	55,81	60,33	61,58	37,29	83,3	50,44	152,8	13,51	1045	2015		49,41	4,525	4,525	0	36,53	1,021	8,584	0	
	11650	55,2	59,77	61	36,78	82,81	49,93	153,5	13,6	1031	1983		48,92	4,57	4,57	0	36,03	1,021	8,584	0	
	11700	54,56	59,17	60,4	36,26	82,3	49,41	154,2	13,69	1016	1950		48,4	4,614	4,614	0	35,52	1,021	8,584	0	
	11750	53,73	58,38	59,59	35,62	81,59	48,77	154,8	13,79	998,7	1915		47,78	4,659	4,659	0	34,9	1,021	8,584	0	
	11800	52,89	57,6	58,79	34,99	80,88	48,14	155,5	13,89	981	1880		47,17	4,704	4,704	0	34,28	1,021	8,584	0	
	11850	52,05	56,8	57,97	34,36	80,16	47,51	156,1	13,99	963,3	1848		46,55	4,75	4,75	0	33,67	1,021	8,584	0	
	11900	51,14	55,94	57,1	33,7	79,38	46,85	156,8	14,09	944,7	1813		45,9	4,796	4,796	0	33,02	1,021	8,584	0	
	11950	49,71	54,55	55,68	32,73	78,06	45,88	157,4	14,2	917,6	1748		44,95	4,842	4,842	0	32,07	1,021	8,584	0	
	12000	48,15	53,04	54,13	31,69	76,6	44,84	158,1	14,31	888,3	1681		43,93	4,889	4,889	0	31,04	1,021	8,584	0	
	12050	46,16	51,1	52,16	30,4	74,71	43,55	158,8	14,43	852,3	1601		42,67	4,936	4,936	0	29,79	1,021	8,584	0	
	12100	44,48	49,46	50,48	29,31	73,14	42,46	159,4	14,55	821,5	1538		41,59	4,983	4,983	0	28,71	1,021	8,584	0	
	12150	43,02	48,05	49,05	28,35	71,8	41,5	160,1	14,67	794,9	1487		40,66	5,03	5,03	0	27,78	1,021	8,584	0	
	12200	42,74	47,82	48,81	28,1	71,65	41,25	160,7	14,8	787,8	1469		40,41	5,078	5,078	0	27,53	1,021	8,584	0	
	12250	42,54	47,67	48,66	27,9	71,59	41,05	161,4	14,92	782,1	1452		40,21	5,126	5,126	0	27,33	1,021	8,584	0	
	12300	42,44	47,62	48,6	27,75	71,63	40,9	162,1	15,05	778	1437		40,07	5,174	5,174	0	27,19	1,021	8,584	0	
	12350	42,23	47,45	48,43	27,54	71,55	40,69	162,7	15,18	772,1	1425		39,87	5,223	5,223	0	26,98	1,021	8,584	0	
	12400	41,84	47,11	48,09	27,24	71,3	40,39	163,4	15,31	763,6	1413		39,57	5,272	5,272	0	26,68	1,021	8,584	0	
	12450	41,04	46,36	47,32	26,7	70,63	39,85	164	15,44	748,4	1395		39,04	5,321	5,321	0	26,15	1,021	8,584	0	
	12500	39,74	45,11	46,04	25,87	69,45	39,02	164,7	15,57	725,3	1352		38,23	5,371	5,371	0	25,35	1,021	8,584	0	
	12550	38,4	43,82	44,73	25,03	68,22	38,18	165,3	15,72	701,7	1299		37,41	5,421	5,421	0	24,52	1,021	8,584	0	
	12600	37,68	43,15	44,04	24,55	67,63	37,7	166	15,87	688,2	1246		36,93	5,471	5,471	0	24,05	1,021	8,584	0	
	12650	37,25	42,78	43,66	24,24	67,34	37,39	166,7	16,02	679,6	1211		36,63	5,522	5,522	0	23,75	1,021	8,584	0	
	12700	37,36	42,93	43,82	24,23	67,6	37,38	167,3	16,17	679,4	1192		36,62	5,573	5,573	0	23,74	1,021	8,584	0	
	12750	38,08	43,7	44,61	24,57	68,48	37,72	168	16,33	688,8	1189		36,95	5,624	5,624	0	24,07	1,021	8,584	0	
	12800	39,36	45,03	45,97	25,22	69,93	38,37	168,6	16,48	707,1	1200		37,59	5,675	5,675	0	24,71	1,021	8,584	0	
	12850	39,23	44,96	45,89	25,08	69,94	38,23	169,3	16,63	703,1	1193		37,45	5,727	5,727	0	24,57	1,021	8,584	0	
	12900	38,59	44,37	45,28	24,66	69,44	37,81	170	16,79	691,2	1176		37,04	5,779	5,779	0	24,16	1,021	8,584	0	
	12950	37,68	43,51	44,41	24,09	68,66	37,24	170,6	16,95	675,2	1148		36,48	5,832	5,832	0	23,6	1,021	8,584	0	
	13000	36,79	42,67	43,55	23,53	67,89	36,68	171,3	17,11	659,7	1106		35,94	5,885	5,885	0	23,05	1,021	8,584	0	
	13050	36,07	42,01	42,88	23,08	67,31	36,23	171,9	17,29	646,9	1053		35,49	5,938	5,938	0	22,61	1,021	8,584	0	
